   41.00
   43.97
   47.16
   50.58
   54.25
   58.18
   62.40
   66.92
   71.78
   76.98
   82.56
   88.55
   94.97
  101.86
  109.24
  117.16
  125.66
  134.77
  144.54
  155.02
  166.26
  178.32
  191.25
  205.12
  219.99
  235.94
  253.05
  271.39
  291.07
  312.18
  334.81
  359.09
  385.13
  413.05
  443.00
  475.12
  509.57
  546.52
  586.15
  628.65
  674.23
  723.12
  775.55
  831.78
  892.09
  956.78
 1026.15
 1100.56
 1180.36
 1265.94
 1357.73
 1456.18
 1561.77
 1675.01
 1796.46
 1926.72
 2066.42
 2216.25
 2376.95
 2549.30
