     0      2                                                                                                                                                                                                                                                                                                                           
     1     26                        1         2    1    1                                                                                                                                                                                                                                                                              
     2     92                        8    9   24   21   16    1                                                                                                                                                                                                                                                                         
     3    176                        3    9   14   22   15    1    1    1                                                                                                                                                                                                                                                               
     4    414                   2    8   11   23   29   25   17    5                                                                                                                                                                                                                                                                    
     5    410                   2    2   12   23   33   37   16    6    1                                                                                                                                                                                                                                                               
     6    337              1    1    1    4   13   19    7   13    3    2    2         1              1                                                                                                                                                                                                                                 
     7    180                                  1    3    3         1         1                                                                                                                                                                                                                                                          
     8     63                                       1    1    2    1    1                                                                                                                                                                                                                                                               
     9     25                                  1                                                                                                                                                                                                                                                                                        
    10     17                                                 1                                                                                                                                                                                                                                                                         
    11     13                                                                                                                                                                                                                                                                                                                           
    12     13                                                                                                                                                                                                                                                                                                                           
    13      9                                                                                                                                                                                                                                                                                                                           
    14     10                                                                                                                                                                                                                                                                                                                           
    15      7                                                                                                                                                                                                       1                                                                                                                   
    16     13                                                                                                                                                                                                                                                                                                                           
    17     12                                       1                                                                                                                                                                                                                                                                                   
    18     12                                                                                                                                                                                                                                                                                                                           
    19     11                                                      1         1                                                                                                                                                                                                                                                          
    20     15                                                                                                   1                                                                                                                                                                                                                       
    21     83                                                                                                   3    1                                                                                                                                                                                                                  
    22    406                                                                                                        2                                                                                                                                                                                                                  
    23   1410                                                                                                        3    1                                                                                                                                                                                                             
    24   3200                                                                                                   1    5    3    2                                                                                                                                                                                                        
    25   3809                                  1                             1                        2    1    4   11   14    8    2    1                                                                                                                                                                                              
    26   2641                             1                                            1                   2    5    8   18    8    1    1    2         1                                                                                                                                                                               
    27   1260                                                                1                        1    2    4    6   10    5    5    3    1                                                                                                                                                                                         
    28    417                                                      1              1    1              1    1              1    5    2    3                                                                                                   1                                                                                          
    29    333                                                                                              1         3    1    2                                                                                                                                 1    1                                                                 
    30    409                                                                                                                       2                                                                               1    1         1                             1    1                                                                 
    31    416                                                                                                                                                               1                                            2    1         2                                                                                               
    32    573                                                                                                                                                                                                  1                                       1         1                   1                                                  
    33    792                                                                                                                                                                         1         1                                       1    2    1                                                                                     
    34   1223                                                                                                                                                                                             1              1                                       1              1                                                       
    35   1446                                                                                                                                                                                        1    3                   1                        1    1    1    1                                                                 
    36   1216                                                                                                                                                                    1              1                                  1         1    1                   2                                                                 
    37    811                                                                                                                                                                                                                                     1              1    1         1              1                                        
    38    594                                                                                                                                                                                                  1    1                   2                   2              1                                                            
    39    550                                                                                                                                                                                                       1                   1         1                                                                                     
    40    449                                                                                                                                                                              1                                       1                   1              1         2                        1                              
    41    358                                                                                                                                                                                                                           1                             2         1                                                       
    42    278                                                                                                                                                                                                                                                                             1                                             
    43    250                                                                                                                                                                                                                                     1         1         1              2    1    2                                        
    44    225                                                                                                                                                                                                                                               1                             1                                             
    45    200                                                                                                        1                                                                                                                       1         1                   1         1                                                  
    46    154                                                                                                                                                                                                                      1                                  1                        1                                        
    47    138                                                                                                                                                                                                                                                         1         1    1                                                  
    48    135                                                                                              1                        1                                                                                                                  1    1                             1                   1                         
    49    186                                                                                                                  1    1                                                                                                                                           1         2                                             
    50    283                                                                     1         1              1    1              1    1                                                                                                                                                          1         1    1                         
    51    255                                                                                                                  1                                                                                                                       1                   1    1                                                       
    52    174                                                                                                                                                                                                                                                                             1         1    1                              
    53    145                                                                                                                                                                                                                                     1                        1    1                   1    2    1                         
    54    100                                                                                                             1                                                                                                                                           2    3         1         1    1    1                              
    55    119                                                                                                                                                                                                                                                              2              1                                             
    56    119                                                                                                                                                                                                                                               1    1    2              3                   1                              
    57     75                                                                                                                                                                                                                                          1              1    1              1         1    1                              
    58     87                                                                                                                                                                                                                                          1              1    1    1    2    1    2    1                                   
    59    104                                                                                                                                                                                                                                          1    1         3              3    4         3    1    2                         
    60    116                                                                                                                                                                                                                                          2         2    1    5    3    4    2    3    4    2    1                         
    61     94                                                                                                                                                                                                                                          1         1    1    1    2    1    1    1    3    3    2                         
    62     84                                                                                                                                                                                                                                                    1    1    1    2         1    2    2    2                              
    63    100                                                                                                                                                                                                                                     1              1    3    2         3    2    4    1    1                              
    64    106                                                                                                                                                                                                                                               2         1    2    1    1         1    2    3                              
    65     79                                                                                                                                                                                                                                                                        1    1    1    2                                   
    66     73                                                                                                                                                                                                                                                         2    1    3         2              1    1                         
    67     69                                                                                                                                                                                                                                                              1    1    2    2    4    2    1    2                         
    68     58                                                                                                                                                                                                                                                    1                   1                   1    2                         
    69     50                                                                                                                                                                                                                                          1                                  2    1                                        
    70     53                                                                                                                                                                                                                                                                                            1                              
    71     45                                                                                                                                                                                                                                                                   1    1    1                                             
    72     34                                                                                                                                                                                                                                                                        1         1                                        
    73     47                                                                                                                                                                                                                                     1                             1                                                       
    74     29                                                                                                                                                                                                                                                                        1                                                  
    75     24                                                                                                                                                                                                                                                                             1                                             
    76     35                                                                                                                                                                                                                                                                                                                           
    77     32                                                                                                                                                                                                                                                                                                                           
    78     35                                                                                                                                                                                                                                                                                                                           
    79     31                                                                                                                                                                                                                                                                                                                           
    80     34                                                                                                                                                                                                                                                                                                                           
    81     43                                                                                                                                                                                                                                                                                                                           
    82     44                                                                                                                                                                                                                                                                                                                           
    83     22                                                                                                                                                                                                                                                                                                                           
    84     20                                                                                                                                                                                                                                                                                                                           
    85     11                                                                                                                                                                                                                                                                                                                           
    86      8                                                                                                                                                                                                                                                                                                                           
    87     14                                                                                                                                                                                                                                                                                                                           
    88     14                                                                                                                                                                                                                                                                                                                           
    89     15                                                                                                                                                                                                                                                                                                                           
    90     14                                                                                                                                                                                                                                                                                                                           
    91      7                                                                                                                                                                                                                                                                                                                           
    92     10                                                                                                                                                                                                  1                                                                                                                        
    93     12                                                                                                                                                                                                                                                                                                                           
    94      6                                                                                                                                                                                                  1                                                                                                                        
    95      5                                                                                                                                                                                                                                                                                                                           
    96      5                                                                                                                                                                                                                                                                                                                           
    97      6                                                                                                                                                                                                                                                                                                                           
    98      4                                                                                                                                                                                                                                                                                                                           
    99      6                                                                                                                                                                                                                                                                                                                           
   100      4                                                                                                                                                                                                                                                                                                                           
   101      9                                                                                                                                                                                                                                                                                                                           
   102      6                                                                                                                                                                                                                                                                                                                           
   103      2                                                                                                                                                                                                                                                                                                                           
   104      3                                                                                                                                                                                                                                                                                                                           
   105      4                                                                                                                                                                                                                                                                                                                           
   106      3                                                                                                                                                                                                                                                                                                                           
   107      3                                                                                                                                                                                                                                                                                                                           
   108      2                                                                                                                                                                                                                                                                                                                           
   109      5                                                                                                                                                                                                                                                                                                                           
   110      5                                                                                                                                                                                                                                                                                                                           
   111      1                                                                                                                                                                                                                                                                                                                           
   112      1                                                                                                                                                                                                                                                                                                                           
   113      4                                                                                                                                                                                                                                                                                                                           
   114      2                                                                                                                                                                                                                                                                                                                           
   115      2                                                                                                                                                                                                                                                                                                                           
   116      1                                                                                                                                                                                                                                                                                                                           
   117      2                                                                                                                                                                                                                                                                                                                           
   118                                                                                                                                                                                                                                                                                                                                  
   119      2                                                                                                                                                                                                                                                                                                                           
   120      2                                                                                                                                                                                                                                                                                                                           
   121      2                                                                                                                                                                                                                                                                                                                           
   122                                                                                                                                                                                                                                                                                                                                  
   123      1                                                                                                                                                                                                                                                                                                                           
   124                                                                                                                                                                                                                                                                                                                                  
   125      1                                                                                                                                                                                                                                                                                                                           
   126                                                                                                                                                                                                                                                                                                                                  
   127                                                                                                                                                                                                                                                                                                                                  
