 STICS SELECTED RATES
 Run time  12:16:44    6-DEC-99
         Input Level 1 Filename: SMSDISK3:[WIND.L1DATA]WI_L1_SMS_19990411_V01.DAT;1
         FIFO mode is OFF    TGS mode is OFF      Telemetry mode is Science mode     
 Time shown is the START time for each interval
 
 YEAR DOY HR:MN:SC   SPEED     UNCER           H            He2            He1            BR0            BR1            BR2          FSR12          FSR34          FSR56             O1             O6             07     
    0   0  0:00:00     0.0       0.0    0.2000000E+01  0.1035085E+05  0.2173913E-01  0.2173913E-01  0.0000000E+00  0.2369565E+01  0.2530435E+02  0.3943478E+02  0.4065217E+02  0.0000000E+00  0.0000000E+00  0.0000000E+00
 1999 101  0:03:51     0.0       0.0    0.5130179E+03  0.5000000E+00  0.7500000E+00  0.5357143E-01  0.6154929E+04  0.2216125E+04  0.2592857E+02  0.4687500E+02  0.1404787E+06  0.1250000E+00  0.0000000E+00  0.0000000E+00
 1999 101  0:06:55     0.0       0.0    0.2333333E+01  0.6925926E+01  0.1111111E+00  0.1851852E-01  0.1851852E-01  0.3537037E+01  0.2738889E+02  0.5340741E+02  0.4703704E+02  0.0000000E+00  0.0000000E+00  0.0000000E+00
 1999 101  0:09:58     0.0       0.0    0.1537037E+01  0.2674296E+04  0.0000000E+00  0.0000000E+00  0.0000000E+00  0.2296296E+01  0.2475926E+02  0.4859259E+02  0.5540741E+02  0.0000000E+00  0.0000000E+00  0.0000000E+00
 1999 101  0:13:02   538.1      67.7    0.6666667E+00  0.6000000E+00  0.1666667E-01  0.3333334E-01  0.1666667E-01  0.1450000E+01  0.2355000E+02  0.4336666E+02  0.3583333E+02  0.0000000E+00  0.1666667E-01  0.1666667E-01
 1999 101  0:16:05     0.0       0.0    0.9807692E+00  0.4807692E+00  0.7692308E-01  0.0000000E+00  0.0000000E+00  0.1711538E+01  0.2230769E+02  0.4526923E+02  0.4219231E+02  0.0000000E+00  0.1923077E-01  0.0000000E+00
 1999 101  0:19:09   542.5      59.1    0.5301334E+03  0.3245000E+02  0.1666667E-01  0.2333333E+00  0.0000000E+00  0.1833333E+01  0.2276667E+02  0.4330000E+02  0.3925000E+02  0.0000000E+00  0.0000000E+00  0.0000000E+00
 1999 101  0:22:13     0.0       0.0    0.6250000E+00  0.2812500E+00  0.1562500E+00  0.0000000E+00  0.0000000E+00  0.1281250E+01  0.2126563E+02  0.4816667E+02  0.3059375E+02  0.0000000E+00  0.0000000E+00  0.0000000E+00
 1999 101  0:25:16     0.0       0.0    0.1203704E+01  0.9083611E+04  0.3703704E-01  0.0000000E+00  0.1851852E-01  0.1796296E+01  0.2368518E+02  0.4503704E+02  0.4227778E+02  0.0000000E+00  0.0000000E+00  0.0000000E+00
 1999 101  0:28:20   538.9      68.3    0.3103448E+00  0.1670517E+03  0.1724138E-01  0.1724138E-01  0.0000000E+00  0.7758621E+00  0.2189655E+02  0.3527586E+02  0.2691379E+02  0.0000000E+00  0.0000000E+00  0.1724138E-01
 1999 101  0:31:24     0.0       0.0    0.1081000E+03  0.6580000E+01  0.6000000E-01  0.0000000E+00  0.0000000E+00  0.5000000E+00  0.2256000E+02  0.3436000E+02  0.1870000E+02  0.0000000E+00  0.0000000E+00  0.0000000E+00
 1999 101  0:34:27     0.0       0.0    0.1018519E+01  0.6948148E+02  0.3703704E-01  0.0000000E+00  0.1851852E-01  0.1962963E+01  0.2270370E+02  0.4248148E+02  0.3690741E+02  0.0000000E+00  0.0000000E+00  0.0000000E+00
 1999 101  0:40:35   519.5      67.6    0.1016667E+01  0.7000000E+00  0.8333334E-01  0.0000000E+00  0.0000000E+00  0.1983333E+01  0.2376667E+02  0.4060000E+02  0.4003333E+02  0.0000000E+00  0.0000000E+00  0.0000000E+00
 1999 101  0:43:38   538.4      70.9    0.1233333E+01  0.5200000E+01  0.1166667E+00  0.5500000E+00  0.1666667E+00  0.2100000E+01  0.2431667E+02  0.4133333E+02  0.4486666E+02  0.0000000E+00  0.1666667E-01  0.0000000E+00
 1999 101  0:46:42   540.0      75.4    0.8333333E+00  0.5977167E+03  0.8333334E-01  0.1666667E-01  0.0000000E+00  0.1500000E+01  0.2196667E+02  0.3996667E+02  0.3785000E+02  0.0000000E+00  0.0000000E+00  0.0000000E+00
 1999 101  0:49:45   525.8      65.9    0.4666667E+00  0.1751667E+02  0.0000000E+00  0.0000000E+00  0.0000000E+00  0.1050000E+01  0.2336667E+02  0.3850000E+02  0.3430000E+02  0.0000000E+00  0.0000000E+00  0.0000000E+00
 1999 101  0:52:49     0.0       0.0    0.1363636E+00  0.1568182E+01  0.0000000E+00  0.0000000E+00  0.0000000E+00  0.2954545E+00  0.2293182E+02  0.3702273E+02  0.1897727E+02  0.0000000E+00  0.0000000E+00  0.0000000E+00
 1999 101  0:55:53   530.3      59.4    0.3076000E+03  0.4833333E+00  0.5000000E-01  0.0000000E+00  0.0000000E+00  0.1083333E+01  0.2400000E+02  0.4450000E+02  0.2278333E+02  0.0000000E+00  0.0000000E+00  0.0000000E+00
 1999 101  0:58:56     0.0       0.0    0.2222222E+00  0.4259259E+00  0.5555556E-01  0.0000000E+00  0.0000000E+00  0.7962963E+00  0.2111111E+02  0.3981482E+02  0.2135185E+02  0.0000000E+00  0.0000000E+00  0.0000000E+00
 1999 101  1:02:00   532.9      61.4    0.3465000E+02  0.2833333E+00  0.3333334E-01  0.0000000E+00  0.0000000E+00  0.9166667E+00  0.2223333E+02  0.3830000E+02  0.2123333E+02  0.0000000E+00  0.0000000E+00  0.0000000E+00
 1999 101  1:05:03   534.4      73.5    0.2666667E+00  0.2833333E+00  0.8333334E-01  0.1666667E-01  0.0000000E+00  0.7333333E+00  0.2203333E+02  0.4026667E+02  0.2346667E+02  0.0000000E+00  0.0000000E+00  0.0000000E+00
 1999 101  1:08:07     0.0       0.0    0.0000000E+00  0.0000000E+00  0.0000000E+00  0.0000000E+00  0.0000000E+00  0.0000000E+00  0.0000000E+00  0.0000000E+00  0.0000000E+00  0.0000000E+00  0.0000000E+00  0.0000000E+00
 1999 101  1:08:07     0.0       0.0    0.2372115E+03  0.1579038E+03  0.5769231E-01  0.0000000E+00  0.0000000E+00  0.1365385E+01  0.2334615E+02  0.3719231E+02  0.3711538E+02  0.0000000E+00  0.0000000E+00  0.0000000E+00
 1999 101  1:14:14     0.0       0.0    0.3214286E+00  0.5705464E+04  0.3571429E-01  0.1785714E-01  0.0000000E+00  0.7678571E+00  0.2225000E+02  0.3732143E+02  0.2228572E+02  0.0000000E+00  0.0000000E+00  0.0000000E+00
 1999 101  1:17:18   532.0      77.6    0.3666667E+00  0.3166667E+00  0.0000000E+00  0.0000000E+00  0.1666667E-01  0.8833333E+00  0.2263333E+02  0.3983333E+02  0.1973333E+02  0.0000000E+00  0.0000000E+00  0.0000000E+00
 1999 101  1:20:21   528.0      79.0    0.1333333E+00  0.4166667E+00  0.6666667E-01  0.0000000E+00  0.0000000E+00  0.6833333E+00  0.2263333E+02  0.3916667E+02  0.1806667E+02  0.0000000E+00  0.0000000E+00  0.0000000E+00
 1999 101  1:23:25   536.3      78.0    0.5000000E+00  0.3333333E+00  0.0000000E+00  0.0000000E+00  0.0000000E+00  0.9333333E+00  0.2200000E+02  0.3750000E+02  0.2643333E+02  0.0000000E+00  0.0000000E+00  0.0000000E+00
 1999 101  1:26:29   538.1      65.9    0.2000000E+00  0.3000000E+00  0.6666667E-01  0.0000000E+00  0.0000000E+00  0.6166667E+00  0.2105000E+02  0.3510000E+02  0.2166667E+02  0.0000000E+00  0.0000000E+00  0.0000000E+00
 1999 101  1:29:32   527.8      68.3    0.4833333E+00  0.1833333E+00  0.1666667E-01  0.0000000E+00  0.0000000E+00  0.7833334E+00  0.2293333E+02  0.3813334E+02  0.2040000E+02  0.0000000E+00  0.0000000E+00  0.0000000E+00
 1999 101  1:32:36   525.2      71.2    0.2666667E+00  0.3833333E+00  0.0000000E+00  0.1666667E-01  0.0000000E+00  0.6833333E+00  0.2265000E+02  0.3923333E+02  0.2340000E+02  0.0000000E+00  0.1666667E-01  0.0000000E+00
 1999 101  1:35:40   543.0      68.3    0.2233333E+01  0.3333333E+00  0.3333334E-01  0.3333334E-01  0.0000000E+00  0.2766667E+01  0.2676667E+02  0.4400000E+02  0.4163334E+02  0.0000000E+00  0.0000000E+00  0.0000000E+00
 1999 101  1:38:43   522.9      67.6    0.3283333E+01  0.4666667E+00  0.5000000E-01  0.1666667E-01  0.0000000E+00  0.4033333E+01  0.2716667E+02  0.4460000E+02  0.5143333E+02  0.0000000E+00  0.1666667E-01  0.0000000E+00
 1999 101  1:41:47   522.9      60.3    0.3033333E+01  0.4333333E+00  0.1666667E-01  0.5000000E-01  0.1666667E-01  0.3516667E+01  0.3136667E+02  0.4593333E+02  0.4796667E+02  0.1666667E-01  0.1666667E-01  0.0000000E+00
 1999 101  1:44:50   528.2      59.6    0.2633333E+01  0.4333333E+00  0.5000000E-01  0.1666667E-01  0.0000000E+00  0.3233333E+01  0.2906667E+02  0.4506667E+02  0.4618333E+02  0.0000000E+00  0.1666667E-01  0.0000000E+00
 1999 101  1:47:54   527.8      60.3    0.2250000E+01  0.5500000E+00  0.0000000E+00  0.1666667E-01  0.3333334E-01  0.2950000E+01  0.2883333E+02  0.4290000E+02  0.4563334E+02  0.0000000E+00  0.0000000E+00  0.0000000E+00
 1999 101  1:50:58   523.2      60.0    0.1616667E+01  0.5500000E+00  0.6666667E-01  0.1666667E-01  0.0000000E+00  0.2400000E+01  0.2683333E+02  0.4200000E+02  0.4486666E+02  0.0000000E+00  0.0000000E+00  0.0000000E+00
 1999 101  1:54:01   524.4      59.7    0.2050000E+01  0.3500000E+00  0.5000000E-01  0.3333334E-01  0.1666667E-01  0.2583333E+01  0.2683333E+02  0.4160000E+02  0.4836666E+02  0.0000000E+00  0.1666667E-01  0.0000000E+00
 1999 101  1:57:05   514.5      57.4    0.2383333E+01  0.5166667E+00  0.3333334E-01  0.0000000E+00  0.0000000E+00  0.3050000E+01  0.2450000E+02  0.4223333E+02  0.4738334E+02  0.0000000E+00  0.0000000E+00  0.0000000E+00
 1999 101  2:00:09   507.8      48.9    0.1533333E+01  0.3333333E+00  0.0000000E+00  0.0000000E+00  0.0000000E+00  0.1983333E+01  0.2696667E+02  0.4023333E+02  0.3570000E+02  0.0000000E+00  0.0000000E+00  0.0000000E+00
 1999 101  2:03:12   504.7      49.8    0.1700000E+01  0.2333333E+00  0.1666667E-01  0.3333334E-01  0.3333334E-01  0.2050000E+01  0.3020000E+02  0.4033333E+02  0.3020000E+02  0.1666667E-01  0.1666667E-01  0.0000000E+00
 1999 101  2:06:16   512.9      61.6    0.2033333E+01  0.5833333E+00  0.1666667E-01  0.1666667E-01  0.0000000E+00  0.2750000E+01  0.2695000E+02  0.4226667E+02  0.4070000E+02  0.0000000E+00  0.1666667E-01  0.0000000E+00
 1999 101  2:09:20   524.4      64.2    0.1816667E+01  0.4166667E+00  0.6666667E-01  0.3333334E-01  0.0000000E+00  0.2466667E+01  0.2406667E+02  0.4043333E+02  0.4105000E+02  0.0000000E+00  0.1666667E-01  0.0000000E+00
 1999 101  2:12:23   528.8      57.2    0.4666667E+00  0.1333333E+00  0.3333334E-01  0.0000000E+00  0.0000000E+00  0.7333333E+00  0.2141667E+02  0.3218333E+02  0.2411667E+02  0.0000000E+00  0.0000000E+00  0.0000000E+00
 1999 101  2:15:27   532.5      56.5    0.1166667E+00  0.1333333E+00  0.0000000E+00  0.0000000E+00  0.0000000E+00  0.3333333E+00  0.2256667E+02  0.3323333E+02  0.1913333E+02  0.0000000E+00  0.0000000E+00  0.0000000E+00
 1999 101  2:18:30   525.7      61.2    0.8333333E+00  0.3333333E+00  0.1000000E+00  0.0000000E+00  0.0000000E+00  0.1433333E+01  0.2161667E+02  0.3323333E+02  0.3973333E+02  0.0000000E+00  0.0000000E+00  0.0000000E+00
 1999 101  2:21:34   510.8      67.3    0.6500000E+00  0.4333333E+00  0.0000000E+00  0.1666667E-01  0.1666667E-01  0.1250000E+01  0.2146667E+02  0.3626667E+02  0.3326667E+02  0.0000000E+00  0.0000000E+00  0.0000000E+00
 1999 101  2:24:38   519.8      57.8    0.4000000E+00  0.2333333E+00  0.3333334E-01  0.0000000E+00  0.0000000E+00  0.8333333E+00  0.2216667E+02  0.3513334E+02  0.2323333E+02  0.0000000E+00  0.0000000E+00  0.0000000E+00
 1999 101  2:27:41   520.0      59.9    0.6666667E-01  0.2000000E+00  0.1666667E-01  0.3333334E-01  0.0000000E+00  0.3666667E+00  0.2183333E+02  0.3256667E+02  0.1753333E+02  0.0000000E+00  0.0000000E+00  0.0000000E+00
 1999 101  2:30:45   504.2      61.4    0.1200000E+01  0.1500000E+00  0.0000000E+00  0.0000000E+00  0.0000000E+00  0.1466667E+01  0.2338333E+02  0.3703333E+02  0.3291667E+02  0.0000000E+00  0.0000000E+00  0.0000000E+00
 1999 101  2:33:49   510.4      51.9    0.1250000E+01  0.3166667E+00  0.1000000E+00  0.1666667E-01  0.0000000E+00  0.1750000E+01  0.2356667E+02  0.3810000E+02  0.3740000E+02  0.0000000E+00  0.1666667E-01  0.0000000E+00
 1999 101  2:36:52   512.1      55.5    0.1800000E+01  0.2333333E+00  0.1000000E+00  0.0000000E+00  0.0000000E+00  0.2316667E+01  0.2523333E+02  0.4240000E+02  0.4191667E+02  0.0000000E+00  0.0000000E+00  0.0000000E+00
 1999 101  2:39:56   521.8      48.7    0.2000000E+01  0.4500000E+00  0.3333334E-01  0.1666667E-01  0.0000000E+00  0.2616667E+01  0.2420000E+02  0.4060000E+02  0.4791667E+02  0.0000000E+00  0.0000000E+00  0.0000000E+00
 1999 101  2:42:59   507.8      66.9    0.1416667E+01  0.2166667E+00  0.3333334E-01  0.1666667E-01  0.0000000E+00  0.1833333E+01  0.2420000E+02  0.3556667E+02  0.3900000E+02  0.0000000E+00  0.0000000E+00  0.0000000E+00
 1999 101  2:46:03   516.0      59.7    0.1083333E+01  0.2500000E+00  0.1666667E-01  0.1666667E-01  0.0000000E+00  0.1383333E+01  0.2243333E+02  0.3530000E+02  0.4063334E+02  0.0000000E+00  0.1666667E-01  0.0000000E+00
 1999 101  2:49:07   528.8      49.0    0.9833333E+00  0.3666667E+00  0.8333334E-01  0.0000000E+00  0.0000000E+00  0.1500000E+01  0.2243333E+02  0.3473333E+02  0.3006667E+02  0.0000000E+00  0.0000000E+00  0.0000000E+00
 1999 101  2:52:10   528.3      61.3    0.2833333E+00  0.1833333E+00  0.3333334E-01  0.1666667E-01  0.0000000E+00  0.6500000E+00  0.2236667E+02  0.3236666E+02  0.2216667E+02  0.0000000E+00  0.0000000E+00  0.0000000E+00
 1999 101  2:55:14   530.1      57.1    0.6666667E-01  0.1833333E+00  0.6666667E-01  0.0000000E+00  0.0000000E+00  0.4000000E+00  0.2133333E+02  0.3026667E+02  0.1776667E+02  0.0000000E+00  0.0000000E+00  0.0000000E+00
 1999 101  2:58:18   533.5      63.4    0.1050000E+01  0.2333333E+00  0.5000000E-01  0.0000000E+00  0.0000000E+00  0.1433333E+01  0.2276667E+02  0.3050000E+02  0.4628333E+02  0.0000000E+00  0.0000000E+00  0.0000000E+00
 1999 101  3:01:21   535.6      58.3    0.4833333E+00  0.1500000E+00  0.6666667E-01  0.0000000E+00  0.0000000E+00  0.7333333E+00  0.2250000E+02  0.3030000E+02  0.2728333E+02  0.0000000E+00  0.0000000E+00  0.0000000E+00
 1999 101  3:04:25   527.2      65.3    0.4166667E+00  0.2166667E+00  0.3333334E-01  0.0000000E+00  0.0000000E+00  0.7166666E+00  0.2201667E+02  0.3150000E+02  0.2830000E+02  0.0000000E+00  0.0000000E+00  0.0000000E+00
 1999 101  3:07:29   526.8      59.7    0.4333333E+00  0.2000000E+00  0.3333334E-01  0.0000000E+00  0.0000000E+00  0.7333333E+00  0.2145000E+02  0.3310000E+02  0.2841667E+02  0.0000000E+00  0.0000000E+00  0.0000000E+00
 1999 101  3:10:32   532.1      58.5    0.7500000E+00  0.2000000E+00  0.0000000E+00  0.0000000E+00  0.0000000E+00  0.1133333E+01  0.2166667E+02  0.3350000E+02  0.3290000E+02  0.0000000E+00  0.0000000E+00  0.0000000E+00
 1999 101  3:13:36   523.7      63.0    0.8333334E-01  0.1000000E+00  0.6666667E-01  0.1666667E-01  0.0000000E+00  0.3000000E+00  0.2230000E+02  0.3040000E+02  0.1993333E+02  0.0000000E+00  0.0000000E+00  0.0000000E+00
 1999 101  3:16:39   522.8      63.3    0.4833333E+00  0.2000000E+00  0.0000000E+00  0.0000000E+00  0.0000000E+00  0.7833334E+00  0.2101667E+02  0.3110000E+02  0.3015000E+02  0.0000000E+00  0.0000000E+00  0.0000000E+00
 1999 101  3:19:43   521.7      61.0    0.6666667E+00  0.2166667E+00  0.1666667E-01  0.1666667E-01  0.1666667E-01  0.9833333E+00  0.2151667E+02  0.3433333E+02  0.2991667E+02  0.0000000E+00  0.1666667E-01  0.0000000E+00
 1999 101  3:22:47   520.3      52.0    0.8333334E-01  0.1333333E+00  0.0000000E+00  0.0000000E+00  0.0000000E+00  0.2666667E+00  0.2108333E+02  0.3163333E+02  0.1893333E+02  0.0000000E+00  0.0000000E+00  0.0000000E+00
 1999 101  3:25:50   522.8      59.1    0.5000000E-01  0.2333333E+00  0.6666667E-01  0.0000000E+00  0.0000000E+00  0.4166667E+00  0.2253333E+02  0.3080000E+02  0.1763333E+02  0.0000000E+00  0.0000000E+00  0.0000000E+00
 1999 101  3:28:54   515.8      67.2    0.3333334E-01  0.1500000E+00  0.1666667E-01  0.0000000E+00  0.0000000E+00  0.2666667E+00  0.2183333E+02  0.3130000E+02  0.1776667E+02  0.0000000E+00  0.0000000E+00  0.0000000E+00
 1999 101  3:31:57   525.5      56.4    0.1666667E-01  0.1333333E+00  0.3333334E-01  0.0000000E+00  0.0000000E+00  0.2500000E+00  0.2270000E+02  0.3283333E+02  0.1773333E+02  0.0000000E+00  0.0000000E+00  0.0000000E+00
 1999 101  3:35:01   526.7      54.4    0.1166667E+00  0.1500000E+00  0.0000000E+00  0.0000000E+00  0.0000000E+00  0.3666667E+00  0.2158333E+02  0.3210000E+02  0.1735000E+02  0.0000000E+00  0.0000000E+00  0.0000000E+00
 1999 101  3:38:04   525.8      50.4    0.1666667E+00  0.1333333E+00  0.0000000E+00  0.1666667E-01  0.0000000E+00  0.3833333E+00  0.2193333E+02  0.3326667E+02  0.2076667E+02  0.0000000E+00  0.0000000E+00  0.0000000E+00
 1999 101  3:41:08   523.5      45.3    0.1016667E+01  0.2666667E+00  0.1666667E-01  0.0000000E+00  0.1666667E-01  0.1400000E+01  0.2216667E+02  0.3680000E+02  0.3095000E+02  0.1666667E-01  0.0000000E+00  0.0000000E+00
 1999 101  3:44:12   511.2      65.1    0.1233333E+01  0.3166667E+00  0.0000000E+00  0.1666667E-01  0.3333334E-01  0.1716667E+01  0.2513333E+02  0.3636666E+02  0.3200000E+02  0.3333334E-01  0.0000000E+00  0.0000000E+00
 1999 101  3:47:15   506.4      51.7    0.1000000E+01  0.3166667E+00  0.0000000E+00  0.1666667E-01  0.1666667E-01  0.1450000E+01  0.2388333E+02  0.3543333E+02  0.3386666E+02  0.1666667E-01  0.0000000E+00  0.1666667E-01
 1999 101  3:50:19   504.5      50.3    0.3333333E+00  0.2166667E+00  0.1666667E-01  0.0000000E+00  0.0000000E+00  0.6833333E+00  0.2293333E+02  0.3303333E+02  0.2806667E+02  0.0000000E+00  0.0000000E+00  0.0000000E+00
 1999 101  3:53:23   502.5      53.4    0.1833333E+00  0.2166667E+00  0.1666667E-01  0.0000000E+00  0.0000000E+00  0.4833333E+00  0.2176667E+02  0.3086667E+02  0.2346667E+02  0.0000000E+00  0.0000000E+00  0.0000000E+00
 1999 101  3:56:26   505.5      51.4    0.1166667E+00  0.1000000E+00  0.1666667E-01  0.0000000E+00  0.0000000E+00  0.3333333E+00  0.2276667E+02  0.3160000E+02  0.1981667E+02  0.0000000E+00  0.0000000E+00  0.0000000E+00
 1999 101  3:59:30   517.9      55.6    0.3333333E+00  0.2166667E+00  0.5000000E-01  0.0000000E+00  0.1666667E-01  0.6833333E+00  0.2233333E+02  0.3233333E+02  0.2168333E+02  0.0000000E+00  0.0000000E+00  0.0000000E+00
 1999 101  4:02:34   512.2      53.5    0.3333334E-01  0.3333334E-01  0.3333334E-01  0.0000000E+00  0.1666667E-01  0.1333333E+00  0.2243333E+02  0.3030000E+02  0.1783333E+02  0.0000000E+00  0.0000000E+00  0.0000000E+00
 1999 101  4:05:37   503.7      55.4    0.3333334E-01  0.3333334E-01  0.0000000E+00  0.0000000E+00  0.0000000E+00  0.1000000E+00  0.2241667E+02  0.2973333E+02  0.1745000E+02  0.0000000E+00  0.0000000E+00  0.0000000E+00
 1999 101  4:08:41   505.3      45.6    0.4500000E+00  0.1833333E+00  0.6666667E-01  0.0000000E+00  0.0000000E+00  0.8166667E+00  0.2326667E+02  0.3336666E+02  0.2461667E+02  0.0000000E+00  0.0000000E+00  0.0000000E+00
 1999 101  4:11:44   504.3      49.4    0.6666667E+00  0.2333333E+00  0.3333334E-01  0.0000000E+00  0.0000000E+00  0.1066667E+01  0.2370000E+02  0.3396667E+02  0.2683333E+02  0.0000000E+00  0.0000000E+00  0.0000000E+00
 1999 101  4:14:48   502.4      46.9    0.4232600E+04  0.2666667E+00  0.3333334E-01  0.0000000E+00  0.3333334E-01  0.4666667E+00  0.2193333E+02  0.3050000E+02  0.1850000E+02  0.1666667E-01  0.0000000E+00  0.0000000E+00
 1999 101  4:17:52   502.5      45.1    0.2000000E+00  0.1833333E+00  0.1666667E-01  0.1666667E-01  0.0000000E+00  0.5000000E+00  0.2426667E+02  0.3270000E+02  0.2350000E+02  0.0000000E+00  0.0000000E+00  0.0000000E+00
 1999 101  4:20:55     0.0       0.0    0.1266667E+01  0.1026167E+03  0.1666667E-01  0.0000000E+00  0.0000000E+00  0.1650000E+01  0.3000000E+02  0.3533333E+02  0.2898333E+02  0.0000000E+00  0.0000000E+00  0.0000000E+00
 1999 101  4:23:59   497.6      55.4    0.1683333E+01  0.3000000E+00  0.5000000E-01  0.1666667E-01  0.0000000E+00  0.2133333E+01  0.3090000E+02  0.3550000E+02  0.3276667E+02  0.0000000E+00  0.1666667E-01  0.0000000E+00
 1999 101  4:27:03   494.4      61.2    0.1250000E+01  0.2500000E+00  0.5000000E-01  0.3333334E-01  0.0000000E+00  0.1633333E+01  0.3153333E+02  0.3780000E+02  0.2686667E+02  0.0000000E+00  0.1666667E-01  0.0000000E+00
 1999 101  4:30:06   482.4      62.5    0.4500000E+00  0.1000000E+00  0.0000000E+00  0.0000000E+00  0.0000000E+00  0.6333333E+00  0.2470000E+02  0.3226667E+02  0.1943333E+02  0.0000000E+00  0.0000000E+00  0.0000000E+00
 1999 101  4:33:10   505.3      51.0    0.1666667E-01  0.6666667E-01  0.1666667E-01  0.0000000E+00  0.0000000E+00  0.1666667E+00  0.2108333E+02  0.2943333E+02  0.1721667E+02  0.0000000E+00  0.0000000E+00  0.0000000E+00
 1999 101  4:36:13   506.0      63.4    0.0000000E+00  0.8333334E-01  0.3333334E-01  0.0000000E+00  0.0000000E+00  0.1166667E+00  0.2080000E+02  0.3031667E+02  0.1760000E+02  0.0000000E+00  0.0000000E+00  0.0000000E+00
 1999 101  4:39:17   509.4      49.3    0.6666667E-01  0.1801583E+04  0.1666667E-01  0.0000000E+00  0.0000000E+00  0.2500000E+00  0.2263333E+02  0.2940000E+02  0.1740000E+02  0.0000000E+00  0.0000000E+00  0.0000000E+00
 1999 101  4:42:21   491.9      51.7    0.3333334E-01  0.8333334E-01  0.1666667E-01  0.0000000E+00  0.0000000E+00  0.2000000E+00  0.2155000E+02  0.2961667E+02  0.1756667E+02  0.0000000E+00  0.0000000E+00  0.0000000E+00
 1999 101  4:45:24   499.6      48.5    0.1000000E+00  0.6666667E-01  0.1666667E-01  0.0000000E+00  0.1666667E-01  0.2166667E+00  0.2186667E+02  0.3060000E+02  0.1900000E+02  0.0000000E+00  0.0000000E+00  0.0000000E+00
 1999 101  4:48:28   498.2      48.1    0.2166667E+00  0.1333333E+00  0.0000000E+00  0.0000000E+00  0.0000000E+00  0.4333333E+00  0.2283333E+02  0.3040000E+02  0.1963333E+02  0.0000000E+00  0.0000000E+00  0.0000000E+00
 1999 101  4:51:32   501.5      50.1    0.3333334E-01  0.6666667E-01  0.5000000E-01  0.0000000E+00  0.1666667E-01  0.2166667E+00  0.2190000E+02  0.2943333E+02  0.1720000E+02  0.0000000E+00  0.0000000E+00  0.0000000E+00
 1999 101  4:54:35   502.7      50.8    0.1666667E-01  0.1000000E+00  0.1666667E-01  0.0000000E+00  0.0000000E+00  0.1666667E+00  0.2170000E+02  0.2970000E+02  0.1628333E+02  0.0000000E+00  0.0000000E+00  0.0000000E+00
 1999 101  4:57:39   501.1      56.8    0.6666667E-01  0.3333334E-01  0.3333334E-01  0.1666667E-01  0.0000000E+00  0.1833333E+00  0.2128333E+02  0.2905000E+02  0.1785000E+02  0.0000000E+00  0.0000000E+00  0.0000000E+00
 1999 101  5:00:43   517.5      56.9    0.5000000E-01  0.3333334E-01  0.5000000E-01  0.0000000E+00  0.0000000E+00  0.1666667E+00  0.2206667E+02  0.2953333E+02  0.1785000E+02  0.0000000E+00  0.0000000E+00  0.0000000E+00
 1999 101  5:03:46   496.5      62.2    0.5000000E-01  0.1000000E+00  0.0000000E+00  0.0000000E+00  0.0000000E+00  0.2000000E+00  0.2210000E+02  0.2840000E+02  0.1736667E+02  0.0000000E+00  0.0000000E+00  0.0000000E+00
 1999 101  5:06:50   506.5      55.3    0.3333334E-01  0.1333333E+00  0.0000000E+00  0.0000000E+00  0.0000000E+00  0.1666667E+00  0.2133333E+02  0.2985000E+02  0.1810000E+02  0.0000000E+00  0.0000000E+00  0.0000000E+00
 1999 101  5:09:53   506.4      55.4    0.3333334E-01  0.1166667E+00  0.0000000E+00  0.0000000E+00  0.0000000E+00  0.1833333E+00  0.2098333E+02  0.2933333E+02  0.1815000E+02  0.0000000E+00  0.0000000E+00  0.0000000E+00
 1999 101  5:12:57     0.0       0.0    0.2083333E-01  0.6250000E-01  0.0000000E+00  0.0000000E+00  0.0000000E+00  0.1458333E+00  0.2158333E+02  0.2958333E+02  0.1639583E+02  0.0000000E+00  0.0000000E+00  0.0000000E+00
 1999 101  5:16:01   503.5      48.5    0.3333334E-01  0.1500000E+00  0.1666667E-01  0.0000000E+00  0.0000000E+00  0.2666667E+00  0.2073333E+02  0.3063333E+02  0.1680000E+02  0.0000000E+00  0.0000000E+00  0.0000000E+00
 1999 101  5:19:04   503.2      51.6    0.3333334E-01  0.8333334E-01  0.5000000E-01  0.0000000E+00  0.0000000E+00  0.1833333E+00  0.2078333E+02  0.2953333E+02  0.1756667E+02  0.0000000E+00  0.0000000E+00  0.0000000E+00
 1999 101  5:22:08   501.6      50.3    0.0000000E+00  0.1333333E+00  0.1666667E-01  0.0000000E+00  0.0000000E+00  0.2166667E+00  0.2136667E+02  0.2946667E+02  0.1660000E+02  0.0000000E+00  0.0000000E+00  0.0000000E+00
 1999 101  5:25:12   504.0      62.2    0.3333334E-01  0.1166667E+00  0.1666667E-01  0.0000000E+00  0.0000000E+00  0.2166667E+00  0.2228333E+02  0.2970000E+02  0.1761667E+02  0.0000000E+00  0.0000000E+00  0.0000000E+00
 1999 101  5:28:15   516.8      53.8    0.1666667E-01  0.1333333E+00  0.0000000E+00  0.0000000E+00  0.0000000E+00  0.2166667E+00  0.2136667E+02  0.2960000E+02  0.1806667E+02  0.0000000E+00  0.0000000E+00  0.0000000E+00
 1999 101  5:31:19   513.9      50.6    0.1666667E-01  0.8333334E-01  0.3333334E-01  0.0000000E+00  0.0000000E+00  0.1833333E+00  0.2216667E+02  0.3050000E+02  0.1776667E+02  0.0000000E+00  0.0000000E+00  0.0000000E+00
 1999 101  5:34:22     0.0       0.0    0.1666667E+00  0.0000000E+00  0.0000000E+00  0.0000000E+00  0.0000000E+00  0.1666667E+00  0.2300000E+02  0.4566667E+02  0.1966667E+02  0.0000000E+00  0.0000000E+00  0.0000000E+00
 1999 101  5:37:26     0.0       0.0    0.2427278E+04  0.5148148E+01  0.3703704E-01  0.0000000E+00  0.2275556E+03  0.1296296E+00  0.2012963E+02  0.2922222E+02  0.1783333E+02  0.0000000E+00  0.0000000E+00  0.0000000E+00
 1999 101  5:40:29   513.4      59.7    0.2000000E+00  0.4369500E+04  0.1666667E-01  0.0000000E+00  0.0000000E+00  0.3333333E+00  0.2251667E+02  0.3076667E+02  0.2010000E+02  0.0000000E+00  0.0000000E+00  0.0000000E+00
 1999 101  5:43:33     0.0       0.0    0.5555556E-01  0.9259259E-01  0.1851852E-01  0.1851852E-01  0.0000000E+00  0.3518519E+00  0.2172222E+02  0.2977778E+02  0.1846296E+02  0.0000000E+00  0.0000000E+00  0.0000000E+00
 1999 101  5:46:37   516.6      56.4    0.8333334E-01  0.1833333E+00  0.0000000E+00  0.0000000E+00  0.0000000E+00  0.2833333E+00  0.2233333E+02  0.3163333E+02  0.1868333E+02  0.0000000E+00  0.0000000E+00  0.0000000E+00
 1999 101  5:49:40     0.0       0.0    0.7407407E-01  0.2835185E+02  0.3703704E-01  0.7777778E+00  0.0000000E+00  0.2037037E+00  0.2053704E+02  0.3222222E+02  0.1818518E+02  0.0000000E+00  0.0000000E+00  0.0000000E+00
 1999 101  5:55:48     0.0       0.0    0.5555556E-01  0.4240741E+02  0.1851852E-01  0.0000000E+00  0.0000000E+00  0.1666667E+00  0.2038889E+02  0.3048148E+02  0.1740741E+02  0.0000000E+00  0.0000000E+00  0.0000000E+00
 1999 101  5:58:51   522.3      63.3    0.3333334E-01  0.1000000E+00  0.6666667E-01  0.0000000E+00  0.0000000E+00  0.2666667E+00  0.2173333E+02  0.3098333E+02  0.1791667E+02  0.0000000E+00  0.0000000E+00  0.0000000E+00
 1999 101  6:01:55     0.0       0.0    0.1851852E-01  0.5555556E+00  0.3703704E-01  0.1851852E-01  0.0000000E+00  0.3888889E+00  0.2325926E+02  0.3137037E+02  0.1790741E+02  0.0000000E+00  0.0000000E+00  0.0000000E+00
 1999 101  6:04:58     0.0       0.0    0.1166667E+00  0.1333333E+00  0.5000000E-01  0.0000000E+00  0.0000000E+00  0.3166667E+00  0.2108333E+02  0.3030000E+02  0.1805000E+02  0.0000000E+00  0.0000000E+00  0.0000000E+00
 1999 101  6:08:02   511.7      60.8    0.8333334E-01  0.1500000E+00  0.3333334E-01  0.0000000E+00  0.1666667E-01  0.3166667E+00  0.2356667E+02  0.3016667E+02  0.1873333E+02  0.0000000E+00  0.0000000E+00  0.0000000E+00
 1999 101  6:11:06   552.9      22.2    0.2000000E+00  0.2219833E+03  0.0000000E+00  0.0000000E+00  0.0000000E+00  0.3666667E+00  0.2298333E+02  0.3018333E+02  0.1990000E+02  0.3072000E+03  0.0000000E+00  0.0000000E+00
 1999 101  6:14:09     0.0       0.0    0.1481481E+00  0.5370370E+00  0.9259259E-01  0.0000000E+00  0.1851852E-01  0.4259259E+00  0.2188889E+02  0.3214815E+02  0.1848148E+02  0.0000000E+00  0.0000000E+00  0.0000000E+00
 1999 101  6:17:13   511.7      44.1    0.5333334E+00  0.2225167E+03  0.8333334E-01  0.0000000E+00  0.0000000E+00  0.8666667E+00  0.2391667E+02  0.3383333E+02  0.2416667E+02  0.0000000E+00  0.0000000E+00  0.0000000E+00
 1999 101  6:20:17     0.0       0.0    0.2629630E+01  0.2037037E+00  0.7407407E-01  0.0000000E+00  0.1851852E-01  0.3074074E+01  0.2677778E+02  0.3848148E+02  0.4525926E+02  0.0000000E+00  0.0000000E+00  0.0000000E+00
 1999 101  6:23:20   514.8      51.1    0.1483333E+01  0.8033334E+01  0.6666667E-01  0.0000000E+00  0.0000000E+00  0.2000000E+01  0.2605000E+02  0.3550000E+02  0.3701667E+02  0.0000000E+00  0.0000000E+00  0.0000000E+00
 1999 101  6:26:24   512.2      59.7    0.1300000E+01  0.1916667E+01  0.5000000E-01  0.1666667E-01  0.0000000E+00  0.1683333E+01  0.2703333E+02  0.3676667E+02  0.3003333E+02  0.0000000E+00  0.1666667E-01  0.0000000E+00
 1999 101  6:29:27   506.9      49.7    0.1766667E+01  0.2258067E+04  0.1666667E-01  0.0000000E+00  0.0000000E+00  0.3278900E+04  0.2870000E+02  0.3820000E+02  0.3823333E+02  0.0000000E+00  0.0000000E+00  0.0000000E+00
 1999 101  6:32:31     0.0       0.0    0.1520833E+01  0.1666667E+00  0.4166667E-01  0.2083333E-01  0.0000000E+00  0.1979167E+01  0.2829167E+02  0.4033333E+02  0.3737500E+02  0.0000000E+00  0.0000000E+00  0.0000000E+00
 1999 101  6:35:35     0.0       0.0    0.1407407E+01  0.1555556E+01  0.3703704E-01  0.1851852E-01  0.0000000E+00  0.1907407E+01  0.2300741E+04  0.1730741E+03  0.3748148E+02  0.0000000E+00  0.0000000E+00  0.0000000E+00
 1999 101  6:38:38   508.6      57.5    0.5166667E+00  0.1166667E+00  0.5000000E-01  0.1666667E-01  0.0000000E+00  0.7666667E+00  0.2290000E+02  0.3246667E+02  0.2685000E+02  0.0000000E+00  0.1666667E-01  0.0000000E+00
 1999 101  6:41:42     0.0       0.0    0.1666667E+00  0.1296296E+00  0.3703704E-01  0.0000000E+00  0.0000000E+00  0.3703704E+00  0.2181482E+02  0.3125926E+02  0.1985185E+02  0.0000000E+00  0.0000000E+00  0.0000000E+00
 1999 101  6:44:46     0.0       0.0    0.2407407E+00  0.7629630E+01  0.0000000E+00  0.0000000E+00  0.0000000E+00  0.1141852E+03  0.2274074E+02  0.3248148E+02  0.2140741E+02  0.0000000E+00  0.0000000E+00  0.0000000E+00
 1999 101  6:47:49   515.5      55.1    0.4000000E+00  0.1833333E+00  0.1666667E-01  0.4833333E+00  0.0000000E+00  0.6500000E+00  0.2096667E+02  0.3153333E+02  0.2398333E+02  0.0000000E+00  0.0000000E+00  0.1666667E-01
 1999 101  6:50:53     0.0       0.0    0.4583333E+00  0.1870833E+02  0.8333334E-01  0.2083333E-01  0.0000000E+00  0.6041667E+00  0.2052083E+02  0.3229167E+02  0.2145833E+02  0.0000000E+00  0.0000000E+00  0.0000000E+00
 1999 101  6:53:57     0.0       0.0    0.5625000E+00  0.2708333E+00  0.0000000E+00  0.0000000E+00  0.0000000E+00  0.9375000E+00  0.2262500E+02  0.3316667E+02  0.2622917E+02  0.0000000E+00  0.0000000E+00  0.0000000E+00
 1999 101  6:57:00     0.0       0.0    0.1212500E+01  0.5000000E+00  0.1000000E+00  0.0000000E+00  0.0000000E+00  0.2016667E+01  0.2094167E+02  0.3528333E+02  0.5958334E+02  0.0000000E+00  0.0000000E+00  0.0000000E+00
 1999 101  7:00:04   520.1      64.5    0.1666667E+00  0.1195833E+03  0.1666667E-01  0.3333334E-01  0.0000000E+00  0.3500000E+00  0.2195000E+02  0.3033333E+02  0.2188333E+02  0.0000000E+00  0.1666667E-01  0.0000000E+00
 1999 101  7:03:07   514.5      54.9    0.1833333E+00  0.3211666E+02  0.1666667E-01  0.0000000E+00  0.0000000E+00  0.3000000E+00  0.2140000E+02  0.2950000E+02  0.2493333E+02  0.0000000E+00  0.0000000E+00  0.0000000E+00
 1999 101  7:06:11     0.0       0.0    0.1379167E+01  0.8333334E-01  0.8333334E-01  0.0000000E+00  0.0000000E+00  0.2375000E+00  0.2206250E+02  0.2985834E+02  0.1907500E+02  0.0000000E+00  0.0000000E+00  0.0000000E+00
 1999 101  7:09:15   514.4      57.1    0.3833333E+00  0.1766667E+01  0.3333334E-01  0.1666667E-01  0.0000000E+00  0.6333333E+00  0.2200000E+02  0.3065000E+02  0.2273333E+02  0.0000000E+00  0.5461334E+03  0.0000000E+00
 1999 101  7:12:18   514.0      55.7    0.3425000E+02  0.1833333E+00  0.3333334E-01  0.5461333E+04  0.0000000E+00  0.3333333E+00  0.2100000E+02  0.3056667E+02  0.1926667E+02  0.0000000E+00  0.0000000E+00  0.0000000E+00
 1999 101  7:15:22     0.0       0.0    0.1111111E+00  0.6851852E+00  0.1851852E-01  0.0000000E+00  0.0000000E+00  0.2777778E+00  0.2094444E+02  0.3125926E+02  0.2153704E+02  0.0000000E+00  0.0000000E+00  0.0000000E+00
 1999 101  7:18:26   505.4      47.9    0.1500000E+00  0.1500000E+00  0.1666667E-01  0.0000000E+00  0.0000000E+00  0.4000000E+00  0.2141667E+02  0.2926667E+02  0.2033333E+02  0.0000000E+00  0.0000000E+00  0.0000000E+00
 1999 101  7:21:29     0.0       0.0    0.9259259E-01  0.1851852E-01  0.1851852E-01  0.0000000E+00  0.0000000E+00  0.1666667E+00  0.2053704E+02  0.3040741E+02  0.1705556E+02  0.0000000E+00  0.0000000E+00  0.0000000E+00
 1999 101  7:24:33   506.2      51.2    0.1666667E+00  0.1214167E+03  0.5000000E-01  0.0000000E+00  0.0000000E+00  0.3666667E+00  0.2320000E+02  0.3023333E+02  0.1950000E+02  0.0000000E+00  0.0000000E+00  0.0000000E+00
 1999 101  7:27:37     0.0       0.0    0.3703704E-01  0.5764852E+04  0.3703704E-01  0.0000000E+00  0.0000000E+00  0.2962963E+00  0.2168518E+02  0.2996296E+02  0.1922222E+02  0.0000000E+00  0.0000000E+00  0.0000000E+00
 1999 101  7:30:40   507.3      50.4    0.6666667E-01  0.6666667E-01  0.0000000E+00  0.0000000E+00  0.0000000E+00  0.1833333E+00  0.2233333E+02  0.3043333E+02  0.1731667E+02  0.0000000E+00  0.0000000E+00  0.0000000E+00
 1999 101  7:33:44   504.6      49.9    0.1000000E+00  0.1648000E+03  0.1666667E-01  0.0000000E+00  0.0000000E+00  0.3333333E+00  0.2320000E+02  0.3110000E+02  0.1851667E+02  0.0000000E+00  0.0000000E+00  0.0000000E+00
 1999 101  7:36:47     0.0       0.0    0.3333333E+00  0.8333334E-01  0.2083333E-01  0.0000000E+00  0.0000000E+00  0.5000000E+00  0.2391667E+02  0.3000000E+02  0.2256250E+02  0.0000000E+00  0.0000000E+00  0.0000000E+00
 1999 101  7:39:51   514.2      57.1    0.1000000E+01  0.3000000E+00  0.3333334E-01  0.1666667E-01  0.1666667E-01  0.1416667E+01  0.2506667E+02  0.3416667E+02  0.3365000E+02  0.0000000E+00  0.0000000E+00  0.0000000E+00
 1999 101  7:42:55     0.0       0.0    0.1137931E+01  0.1896552E+00  0.1724138E-01  0.0000000E+00  0.0000000E+00  0.1379310E+01  0.2484483E+02  0.3334483E+02  0.3268966E+02  0.0000000E+00  0.0000000E+00  0.0000000E+00
 1999 101  7:45:58     0.0       0.0    0.2203704E+01  0.4074074E+00  0.1851852E-01  0.3703704E-01  0.1851852E-01  0.2851852E+01  0.3003704E+02  0.4055556E+02  0.3664815E+02  0.1851852E-01  0.0000000E+00  0.0000000E+00
 1999 101  7:49:02     0.0       0.0    0.1722222E+01  0.2629630E+01  0.1851852E-01  0.0000000E+00  0.0000000E+00  0.2129630E+01  0.5220000E+03  0.3766667E+02  0.3596296E+02  0.0000000E+00  0.0000000E+00  0.0000000E+00
 1999 101  7:52:06   486.0      44.5    0.1916667E+01  0.1535000E+02  0.3333334E-01  0.1666667E-01  0.1666667E-01  0.2500000E+01  0.3038333E+02  0.3783333E+02  0.3650000E+02  0.0000000E+00  0.0000000E+00  0.0000000E+00
 1999 101  7:55:09   510.9      63.6    0.6833333E+00  0.1888333E+02  0.8333334E-01  0.0000000E+00  0.0000000E+00  0.1033333E+01  0.2476667E+02  0.3400000E+02  0.2568333E+02  0.0000000E+00  0.0000000E+00  0.0000000E+00
 1999 101  7:58:13     0.0       0.0    0.1166667E+01  0.1851852E+00  0.0000000E+00  0.1327407E+03  0.0000000E+00  0.1425926E+01  0.2648148E+02  0.3470370E+02  0.2935185E+02  0.0000000E+00  0.0000000E+00  0.0000000E+00
 1999 101  8:01:16     0.0       0.0    0.1096154E+01  0.3076923E+00  0.1923077E-01  0.0000000E+00  0.0000000E+00  0.1461538E+01  0.2692308E+02  0.3553846E+02  0.2636539E+02  0.0000000E+00  0.0000000E+00  0.0000000E+00
 1999 101  8:04:20     0.0       0.0    0.1314815E+01  0.5158129E+04  0.1851852E-01  0.1851852E-01  0.0000000E+00  0.1611111E+01  0.2914815E+02  0.3744444E+02  0.2855556E+02  0.0000000E+00  0.0000000E+00  0.0000000E+00
 1999 101  8:07:24   507.9      51.6    0.9500000E+00  0.2498667E+03  0.1666667E-01  0.0000000E+00  0.0000000E+00  0.1916667E+01  0.2826667E+02  0.3470000E+02  0.2791667E+02  0.0000000E+00  0.0000000E+00  0.8333334E-01
 1999 101  8:10:27     0.0       0.0    0.8703704E+00  0.1709815E+03  0.0000000E+00  0.0000000E+00  0.0000000E+00  0.1314815E+01  0.2803704E+02  0.3562963E+02  0.2601852E+02  0.0000000E+00  0.0000000E+00  0.0000000E+00
 1999 101  8:13:31   506.4      54.0    0.1116667E+01  0.8113317E+04  0.3333334E-01  0.0000000E+00  0.0000000E+00  0.1500000E+01  0.2943333E+02  0.3713334E+02  0.2723333E+02  0.0000000E+00  0.0000000E+00  0.0000000E+00
 1999 101  8:16:34   507.7      49.7    0.1816667E+01  0.5189217E+04  0.5000000E-01  0.0000000E+00  0.0000000E+00  0.2100000E+01  0.3006667E+02  0.3776667E+02  0.3253333E+02  0.0000000E+00  0.0000000E+00  0.0000000E+00
 1999 101  8:19:38   501.7      46.8    0.1033333E+01  0.4314433E+04  0.5000000E-01  0.1666667E-01  0.0000000E+00  0.1416667E+01  0.2900000E+02  0.3526667E+02  0.2823333E+02  0.0000000E+00  0.0000000E+00  0.0000000E+00
 1999 101  8:22:42     0.0       0.0    0.1291667E+01  0.7077833E+04  0.2083333E-01  0.2083333E-01  0.0000000E+00  0.1708333E+01  0.3087500E+02  0.3733333E+02  0.2568750E+02  0.0000000E+00  0.0000000E+00  0.2083333E-01
 1999 101  8:25:45     0.0       0.0    0.1259259E+01  0.9185185E+01  0.0000000E+00  0.0000000E+00  0.0000000E+00  0.1759259E+01  0.3125926E+02  0.3511111E+02  0.2592593E+02  0.0000000E+00  0.0000000E+00  0.0000000E+00
 1999 101  8:28:49     0.0       0.0    0.3541667E+00  0.8854854E+04  0.4166667E-01  0.2083333E-01  0.0000000E+00  0.5625000E+00  0.2354167E+02  0.3150000E+02  0.2066667E+02  0.0000000E+00  0.0000000E+00  0.0000000E+00
 1999 101  8:31:52     0.0       0.0    0.2083333E-01  0.2291667E+00  0.0000000E+00  0.0000000E+00  0.0000000E+00  0.1458333E+00  0.2227083E+02  0.2900000E+02  0.1772917E+02  0.0000000E+00  0.0000000E+00  0.0000000E+00
 1999 101  8:34:56     0.0       0.0    0.1851852E-01  0.2407407E+00  0.1851852E-01  0.0000000E+00  0.0000000E+00  0.1296296E+00  0.2096296E+02  0.2962963E+02  0.1703704E+02  0.0000000E+00  0.0000000E+00  0.0000000E+00
 1999 101  8:38:00     0.0       0.0    0.5000000E+00  0.5000000E+00  0.2500000E+00  0.0000000E+00  0.0000000E+00  0.1500000E+01  0.2300000E+02  0.5500000E+02  0.1800000E+02  0.0000000E+00  0.0000000E+00  0.0000000E+00
 1999 101  8:41:03     0.0       0.0    0.7407407E-01  0.9961111E+02  0.0000000E+00  0.0000000E+00  0.0000000E+00  0.1851852E+00  0.2429630E+02  0.3000000E+02  0.1888889E+02  0.0000000E+00  0.0000000E+00  0.0000000E+00
 1999 101  8:44:07   510.2      57.6    0.5735117E+04  0.2500000E+00  0.3333334E-01  0.0000000E+00  0.3333334E-01  0.1066667E+01  0.2736667E+02  0.3300000E+02  0.2113333E+02  0.1666667E-01  0.0000000E+00  0.0000000E+00
 1999 101  8:47:11     0.0       0.0    0.2805682E+03  0.8181818E+00  0.2272727E-01  0.2272727E-01  0.0000000E+00  0.1613636E+01  0.2188636E+02  0.3295454E+02  0.3252273E+02  0.0000000E+00  0.2272727E-01  0.0000000E+00
 1999 101  8:50:14     0.0       0.0    0.1104107E+03  0.4952143E+03  0.0000000E+00  0.0000000E+00  0.9285714E+00  0.9285714E+00  0.2285714E+02  0.3185714E+02  0.3100000E+02  0.0000000E+00  0.0000000E+00  0.0000000E+00
 1999 101  8:53:18     0.0       0.0    0.5000000E+00  0.2560517E+03  0.1724138E-01  0.0000000E+00  0.0000000E+00  0.6206896E+00  0.2120690E+02  0.2727586E+02  0.2443103E+02  0.0000000E+00  0.0000000E+00  0.0000000E+00
 1999 101  8:56:21     0.0       0.0    0.2777778E+00  0.4685185E+01  0.7407407E-01  0.0000000E+00  0.0000000E+00  0.3888889E+00  0.2129630E+02  0.2774074E+02  0.3535185E+02  0.0000000E+00  0.0000000E+00  0.0000000E+00
 1999 101  8:59:25     0.0       0.0    0.1129630E+01  0.7116666E+02  0.3703704E-01  0.0000000E+00  0.0000000E+00  0.1314815E+01  0.2098148E+02  0.2988889E+02  0.5133333E+02  0.0000000E+00  0.0000000E+00  0.0000000E+00
 1999 101  9:02:29   508.7      52.2    0.5833333E+00  0.6666667E-01  0.1666667E-01  0.0000000E+00  0.0000000E+00  0.2833333E+00  0.2146667E+02  0.2943333E+02  0.1868333E+02  0.0000000E+00  0.0000000E+00  0.0000000E+00
 1999 101  9:05:32     0.0       0.0    0.4613100E+04  0.1500000E+00  0.0000000E+00  0.0000000E+00  0.0000000E+00  0.1500000E+00  0.2070000E+02  0.2520000E+02  0.1705000E+02  0.0000000E+00  0.0000000E+00  0.0000000E+00
 1999 101  9:08:36   516.4      50.8    0.5000000E-01  0.1333333E+00  0.1666667E-01  0.0000000E+00  0.0000000E+00  0.2500000E+00  0.2220000E+02  0.2820000E+02  0.1756667E+02  0.0000000E+00  0.0000000E+00  0.0000000E+00
 1999 101  9:11:40   504.8      55.1    0.1785714E-01  0.5035714E+01  0.1785714E-01  0.0000000E+00  0.0000000E+00  0.1071429E+00  0.2160714E+02  0.2710714E+02  0.1871428E+02  0.0000000E+00  0.0000000E+00  0.0000000E+00
 1999 101  9:14:43     0.0       0.0    0.1346154E+00  0.1923077E-01  0.3846154E-01  0.0000000E+00  0.0000000E+00  0.2500000E+00  0.2132692E+02  0.2742308E+02  0.1823077E+02  0.0000000E+00  0.0000000E+00  0.0000000E+00
 1999 101  9:17:47   508.5      55.5    0.2166667E+00  0.1268333E+03  0.1666667E-01  0.0000000E+00  0.4133333E+01  0.4000000E+00  0.2156667E+02  0.2843333E+02  0.2098333E+02  0.0000000E+00  0.0000000E+00  0.0000000E+00
 1999 101  9:20:51     0.0       0.0    0.3846154E-01  0.2226923E+02  0.0000000E+00  0.0000000E+00  0.0000000E+00  0.1923077E+00  0.2052992E+02  0.2808547E+02  0.1729060E+02  0.0000000E+00  0.0000000E+00  0.0000000E+00
 1999 101  9:23:54   510.8      54.0    0.1785714E-01  0.1250982E+04  0.3571429E-01  0.0000000E+00  0.0000000E+00  0.2321429E+00  0.2128572E+02  0.2767857E+02  0.1716072E+02  0.0000000E+00  0.0000000E+00  0.0000000E+00
 1999 101  9:26:58     0.0       0.0    0.1153846E+00  0.1730769E+00  0.0000000E+00  0.0000000E+00  0.0000000E+00  0.1730769E+00  0.2165385E+02  0.2721154E+02  0.1832692E+02  0.0000000E+00  0.0000000E+00  0.0000000E+00
 1999 101  9:30:01     0.0       0.0    0.7407407E-01  0.9259259E-01  0.1851852E-01  0.0000000E+00  0.0000000E+00  0.2222222E+00  0.2307407E+02  0.2755556E+02  0.1724074E+02  0.3640889E+04  0.0000000E+00  0.0000000E+00
 1999 101  9:33:05   511.1      51.5    0.1666667E-01  0.2216667E+01  0.3333334E-01  0.0000000E+00  0.0000000E+00  0.2166667E+00  0.2186667E+02  0.2736667E+02  0.1788333E+02  0.0000000E+00  0.0000000E+00  0.0000000E+00
 1999 101  9:36:09     0.0       0.0    0.9444444E+00  0.1305556E+01  0.2777778E-01  0.2777778E-01  0.0000000E+00  0.1250000E+01  0.2194444E+02  0.3066667E+02  0.3672222E+02  0.0000000E+00  0.0000000E+00  0.0000000E+00
 1999 101  9:39:12     0.0       0.0    0.1187500E+01  0.1752083E+02  0.8333334E-01  0.0000000E+00  0.2083333E-01  0.1437500E+01  0.2333333E+02  0.3112500E+02  0.3631250E+02  0.0000000E+00  0.0000000E+00  0.0000000E+00
 1999 101  9:42:16     0.0       0.0    0.8333334E-01  0.6250000E+00  0.2083333E-01  0.0000000E+00  0.0000000E+00  0.2083333E+00  0.2095833E+02  0.2895833E+02  0.1739583E+02  0.0000000E+00  0.0000000E+00  0.0000000E+00
 1999 101  9:45:20   502.4      54.8    0.6666667E-01  0.2049667E+03  0.0000000E+00  0.0000000E+00  0.0000000E+00  0.1500000E+00  0.2200000E+02  0.2866667E+02  0.1748333E+02  0.4608000E+03  0.0000000E+00  0.0000000E+00
 1999 101  9:48:23   503.9      51.5    0.5172414E-01  0.7495690E+03  0.0000000E+00  0.0000000E+00  0.6896552E-01  0.1551724E+00  0.2250000E+02  0.2853448E+02  0.1729310E+02  0.0000000E+00  0.0000000E+00  0.0000000E+00
 1999 101  9:51:27     0.0       0.0    0.7692308E-01  0.2834615E+02  0.0000000E+00  0.0000000E+00  0.0000000E+00  0.2692308E+00  0.2276923E+02  0.2707692E+02  0.1863461E+02  0.0000000E+00  0.0000000E+00  0.0000000E+00
 1999 101  9:54:30     0.0       0.0    0.3863636E+00  0.8378409E+04  0.2272727E-01  0.0000000E+00  0.0000000E+00  0.4318182E+00  0.2143182E+02  0.3268182E+02  0.2313636E+02  0.0000000E+00  0.0000000E+00  0.0000000E+00
 1999 101  9:57:34     0.0       0.0    0.9423077E+00  0.5769231E-01  0.1923077E-01  0.1923077E-01  0.0000000E+00  0.1076923E+01  0.2457692E+02  0.3330769E+02  0.2548077E+02  0.0000000E+00  0.0000000E+00  0.1923077E-01
 1999 101 10:00:38   491.1      54.2    0.7666667E+00  0.1666667E+00  0.0000000E+00  0.1666667E-01  0.0000000E+00  0.1066667E+01  0.2450000E+02  0.3340000E+02  0.2770000E+02  0.0000000E+00  0.0000000E+00  0.0000000E+00
 1999 101 10:03:41   487.9      48.6    0.1116667E+01  0.2166667E+00  0.1666667E-01  0.0000000E+00  0.0000000E+00  0.1466667E+01  0.2690000E+02  0.3423333E+02  0.3040000E+02  0.0000000E+00  0.0000000E+00  0.0000000E+00
 1999 101 10:06:45   485.4      50.5    0.8000000E+00  0.1333333E+00  0.1666667E-01  0.0000000E+00  0.0000000E+00  0.1000000E+01  0.2470000E+02  0.3366667E+02  0.2558333E+02  0.0000000E+00  0.0000000E+00  0.0000000E+00
 1999 101 10:09:49   492.0      51.8    0.3000000E+00  0.1166667E+00  0.1666667E-01  0.0000000E+00  0.0000000E+00  0.4833333E+00  0.2115000E+02  0.3140000E+02  0.2185000E+02  0.0000000E+00  0.0000000E+00  0.0000000E+00
 1999 101 10:12:52   493.9      52.3    0.1000000E+00  0.6666667E-01  0.0000000E+00  0.0000000E+00  0.1666667E-01  0.2333333E+00  0.2171667E+02  0.2950000E+02  0.1823333E+02  0.0000000E+00  0.0000000E+00  0.0000000E+00
 1999 101 10:15:56   486.2      45.7    0.1166667E+00  0.6666667E-01  0.1666667E-01  0.0000000E+00  0.0000000E+00  0.2166667E+00  0.2228333E+02  0.2880000E+02  0.1811667E+02  0.0000000E+00  0.0000000E+00  0.0000000E+00
 1999 101 10:19:00   486.5      47.3    0.8333334E-01  0.3333334E-01  0.0000000E+00  0.0000000E+00  0.0000000E+00  0.1666667E+00  0.2143333E+02  0.2920000E+02  0.1815000E+02  0.0000000E+00  0.0000000E+00  0.0000000E+00
 1999 101 10:22:03   491.8      48.8    0.2666667E+00  0.1000000E+00  0.1666667E-01  0.3333334E-01  0.1666667E-01  0.4666667E+00  0.2186667E+02  0.3116667E+02  0.1995000E+02  0.0000000E+00  0.0000000E+00  0.0000000E+00
 1999 101 10:25:07   481.7      50.3    0.5833333E+00  0.1666667E+00  0.0000000E+00  0.0000000E+00  0.0000000E+00  0.8666667E+00  0.2516667E+02  0.3386666E+02  0.2436667E+02  0.0000000E+00  0.0000000E+00  0.0000000E+00
 1999 101 10:28:10   481.3      47.5    0.1650000E+01  0.1833333E+00  0.1666667E-01  0.1666667E-01  0.0000000E+00  0.1900000E+01  0.2910000E+02  0.3603333E+02  0.2995000E+02  0.0000000E+00  0.1666667E-01  0.0000000E+00
 1999 101 10:31:14   480.7      54.2    0.1616667E+01  0.1833333E+00  0.0000000E+00  0.0000000E+00  0.1666667E-01  0.1950000E+01  0.3100000E+02  0.3486666E+02  0.3293333E+02  0.0000000E+00  0.0000000E+00  0.0000000E+00
 1999 101 10:34:18   485.1      48.6    0.1216667E+01  0.3333333E+00  0.1666667E-01  0.1666667E-01  0.0000000E+00  0.1666667E+01  0.2673333E+02  0.3233333E+02  0.2985000E+02  0.0000000E+00  0.0000000E+00  0.0000000E+00
 1999 101 10:37:21   484.9      51.9    0.3333334E-01  0.8333334E-01  0.1666667E-01  0.0000000E+00  0.0000000E+00  0.1333333E+00  0.2196667E+02  0.2735000E+02  0.1833333E+02  0.0000000E+00  0.0000000E+00  0.0000000E+00
 1999 101 10:40:25   474.8      53.0    0.3333334E-01  0.3333334E-01  0.3333334E-01  0.0000000E+00  0.0000000E+00  0.1000000E+00  0.2113333E+02  0.2763333E+02  0.1696667E+02  0.0000000E+00  0.0000000E+00  0.0000000E+00
 1999 101 10:43:29   471.8      46.9    0.0000000E+00  0.3333334E-01  0.3333334E-01  0.0000000E+00  0.0000000E+00  0.1500000E+00  0.2180000E+02  0.2723333E+02  0.1828333E+02  0.0000000E+00  0.0000000E+00  0.0000000E+00
 1999 101 10:46:32   491.9      53.7    0.1666667E-01  0.1666667E-01  0.1666667E-01  0.0000000E+00  0.0000000E+00  0.5000000E-01  0.2220000E+02  0.2770000E+02  0.1786667E+02  0.0000000E+00  0.0000000E+00  0.0000000E+00
 1999 101 10:49:35   495.9      47.5    0.0000000E+00  0.3333334E-01  0.0000000E+00  0.0000000E+00  0.0000000E+00  0.3333334E-01  0.2208333E+02  0.2813333E+02  0.1796667E+02  0.0000000E+00  0.0000000E+00  0.0000000E+00
 1999 101 10:52:39   485.7      49.9    0.4000000E+00  0.1166667E+00  0.0000000E+00  0.3333334E-01  0.0000000E+00  0.5666667E+00  0.2411667E+02  0.2835000E+02  0.1998333E+02  0.0000000E+00  0.0000000E+00  0.0000000E+00
 1999 101 10:55:43   481.9      41.9    0.1633333E+01  0.2000000E+00  0.3333334E-01  0.0000000E+00  0.1666667E-01  0.1950000E+01  0.2820000E+02  0.3610000E+02  0.2930000E+02  0.0000000E+00  0.0000000E+00  0.0000000E+00
 1999 101 10:58:46   481.4      39.5    0.9333333E+00  0.1500000E+00  0.1666667E-01  0.3333334E-01  0.1666667E-01  0.1116667E+01  0.2813333E+02  0.3393333E+02  0.2620000E+02  0.0000000E+00  0.0000000E+00  0.0000000E+00
 1999 101 11:01:50   476.7      39.1    0.1433333E+01  0.2333333E+00  0.0000000E+00  0.0000000E+00  0.3333334E-01  0.1716667E+01  0.3153333E+02  0.3526667E+02  0.3120000E+02  0.0000000E+00  0.0000000E+00  0.0000000E+00
 1999 101 11:04:54   477.7      41.2    0.2050000E+01  0.2333333E+00  0.1666667E-01  0.8333334E-01  0.0000000E+00  0.2450000E+01  0.3160000E+02  0.3646667E+02  0.3510000E+02  0.0000000E+00  0.3333334E-01  0.1666667E-01
 1999 101 11:07:57   473.9      42.3    0.2450000E+01  0.3666667E+00  0.1666667E-01  0.1666667E-01  0.3333334E-01  0.2983333E+01  0.3423333E+02  0.3640000E+02  0.3256667E+02  0.0000000E+00  0.0000000E+00  0.0000000E+00
 1999 101 11:11:01   475.5      44.8    0.1933333E+01  0.2333333E+00  0.0000000E+00  0.0000000E+00  0.0000000E+00  0.2233333E+01  0.3236666E+02  0.3456667E+02  0.3135000E+02  0.0000000E+00  0.0000000E+00  0.0000000E+00
 1999 101 11:14:05   562.8      38.3    0.1458333E+01  0.1864035E+00  0.2631579E-01  0.0000000E+00  0.0000000E+00  0.1732456E+01  0.3188597E+02  0.3767544E+02  0.2959649E+02  0.0000000E+00  0.0000000E+00  0.0000000E+00
 1999 101 11:17:08     0.0       0.0    0.5500000E+00  0.8333333E+00  0.6666667E-01  0.0000000E+00  0.0000000E+00  0.1800000E+01  0.2966667E+02  0.5893333E+02  0.2850000E+02  0.0000000E+00  0.0000000E+00  0.0000000E+00
 1999 101 11:20:12     0.0       0.0    0.0000000E+00  0.0000000E+00  0.0000000E+00  0.0000000E+00  0.0000000E+00  0.0000000E+00  0.0000000E+00  0.0000000E+00  0.0000000E+00  0.0000000E+00  0.0000000E+00  0.0000000E+00
    0   0  0:00:00     0.0       0.0    0.0000000E+00  0.0000000E+00  0.0000000E+00  0.0000000E+00  0.0000000E+00  0.0000000E+00  0.0000000E+00  0.0000000E+00  0.0000000E+00  0.0000000E+00  0.0000000E+00  0.0000000E+00
    0   0  0:00:00     0.0       0.0    0.0000000E+00  0.0000000E+00  0.0000000E+00  0.0000000E+00  0.0000000E+00  0.0000000E+00  0.0000000E+00  0.0000000E+00  0.0000000E+00  0.0000000E+00  0.0000000E+00  0.0000000E+00
    0   0  0:00:00     0.0       0.0    0.8000000E-01  0.6400000E+00  0.0000000E+00  0.0000000E+00  0.0000000E+00  0.1040000E+01  0.2124000E+02  0.4848000E+02  0.1966000E+02  0.0000000E+00  0.0000000E+00  0.0000000E+00
 1999 101 12:24:28     0.0       0.0    0.1500000E+00  0.4000000E+00  0.6666667E-01  0.0000000E+00  0.0000000E+00  0.8833333E+00  0.2198333E+02  0.4253333E+02  0.1805000E+02  0.0000000E+00  0.0000000E+00  0.0000000E+00
 1999 101 12:27:32     0.0       0.0    0.8333334E-01  0.3333333E+00  0.1000000E+00  0.0000000E+00  0.0000000E+00  0.7500000E+00  0.2163333E+02  0.3926667E+02  0.1735000E+02  0.0000000E+00  0.0000000E+00  0.0000000E+00
 1999 101 12:30:36     0.0       0.0    0.5000000E-01  0.2833333E+00  0.1166667E+00  0.0000000E+00  0.0000000E+00  0.7166666E+00  0.2206667E+02  0.3650000E+02  0.1750000E+02  0.0000000E+00  0.0000000E+00  0.0000000E+00
 1999 101 12:33:39     0.0       0.0    0.1666667E-01  0.5000000E+00  0.1666667E-01  0.0000000E+00  0.0000000E+00  0.7833334E+00  0.2226667E+02  0.3806667E+02  0.1788333E+02  0.0000000E+00  0.0000000E+00  0.0000000E+00
 1999 101 12:36:43     0.0       0.0    0.3333334E-01  0.2333333E+00  0.0000000E+00  0.0000000E+00  0.0000000E+00  0.4333333E+00  0.2241667E+02  0.3540000E+02  0.1685000E+02  0.0000000E+00  0.0000000E+00  0.0000000E+00
 1999 101 12:39:47     0.0       0.0    0.9090909E-01  0.3636364E+00  0.0000000E+00  0.0000000E+00  0.0000000E+00  0.6363636E+00  0.2172727E+02  0.3445454E+02  0.1659091E+02  0.0000000E+00  0.0000000E+00  0.0000000E+00
    0   0  0:00:00     0.0       0.0    0.3333334E-01  0.0000000E+00  0.0000000E+00  0.0000000E+00  0.1666667E-01  0.3333334E-01  0.2151667E+02  0.2713333E+02  0.1726667E+02  0.0000000E+00  0.0000000E+00  0.0000000E+00
 1999 101 12:44:16     0.0       0.0    0.0000000E+00  0.3333334E-01  0.0000000E+00  0.0000000E+00  0.0000000E+00  0.5000000E-01  0.2138333E+02  0.2705000E+02  0.1738333E+02  0.0000000E+00  0.0000000E+00  0.0000000E+00
 1999 101 12:47:20     0.0       0.0    0.3333334E-01  0.0000000E+00  0.1666667E-01  0.0000000E+00  0.0000000E+00  0.5000000E-01  0.2243333E+02  0.2608333E+02  0.1668333E+02  0.0000000E+00  0.0000000E+00  0.0000000E+00
 1999 101 12:50:23     0.0       0.0    0.3333334E-01  0.5000000E-01  0.1666667E-01  0.0000000E+00  0.0000000E+00  0.1666667E+00  0.2163333E+02  0.2546667E+02  0.1678333E+02  0.0000000E+00  0.0000000E+00  0.0000000E+00
 1999 101 12:53:27     0.0       0.0    0.0000000E+00  0.0000000E+00  0.0000000E+00  0.0000000E+00  0.0000000E+00  0.1666667E-01  0.2183333E+02  0.2675000E+02  0.1783333E+02  0.0000000E+00  0.0000000E+00  0.0000000E+00
 1999 101 12:56:31   484.7      56.0    0.1666667E-01  0.0000000E+00  0.0000000E+00  0.0000000E+00  0.0000000E+00  0.1666667E-01  0.2118333E+02  0.2703333E+02  0.1768333E+02  0.0000000E+00  0.0000000E+00  0.0000000E+00
 1999 101 12:59:34   488.9      49.0    0.1666667E-01  0.5000000E-01  0.1666667E-01  0.0000000E+00  0.0000000E+00  0.8333334E-01  0.2123333E+02  0.2510000E+02  0.1676667E+02  0.0000000E+00  0.0000000E+00  0.0000000E+00
 1999 101 13:02:37   492.0      47.3    0.0000000E+00  0.1666667E-01  0.0000000E+00  0.0000000E+00  0.0000000E+00  0.3333334E-01  0.2215000E+02  0.2650000E+02  0.1691667E+02  0.0000000E+00  0.0000000E+00  0.0000000E+00
 1999 101 13:05:41   494.5      52.4    0.1666667E-01  0.1666667E-01  0.1666667E-01  0.0000000E+00  0.0000000E+00  0.6666667E-01  0.2203333E+02  0.2770000E+02  0.1720000E+02  0.0000000E+00  0.0000000E+00  0.0000000E+00
 1999 101 13:08:45   503.1      44.4    0.0000000E+00  0.0000000E+00  0.1666667E-01  0.0000000E+00  0.0000000E+00  0.1666667E-01  0.2168333E+02  0.2673333E+02  0.1735000E+02  0.0000000E+00  0.0000000E+00  0.0000000E+00
 1999 101 13:11:48   490.4      50.2    0.1666667E-01  0.1666667E-01  0.1666667E-01  0.0000000E+00  0.0000000E+00  0.6666667E-01  0.2146667E+02  0.2696667E+02  0.1730000E+02  0.0000000E+00  0.0000000E+00  0.0000000E+00
 1999 101 13:14:52   487.5      51.5    0.1666667E-01  0.3333334E-01  0.1666667E-01  0.0000000E+00  0.0000000E+00  0.8333334E-01  0.2136667E+02  0.2716667E+02  0.1628333E+02  0.0000000E+00  0.0000000E+00  0.0000000E+00
 1999 101 13:17:56   495.3      49.8    0.3333334E-01  0.1666667E-01  0.0000000E+00  0.0000000E+00  0.0000000E+00  0.8333334E-01  0.2186667E+02  0.2638333E+02  0.1685000E+02  0.0000000E+00  0.0000000E+00  0.0000000E+00
 1999 101 13:20:59   489.9      45.3    0.3333334E-01  0.1666667E-01  0.1666667E-01  0.0000000E+00  0.0000000E+00  0.5000000E-01  0.2198333E+02  0.2745000E+02  0.1761667E+02  0.0000000E+00  0.0000000E+00  0.0000000E+00
 1999 101 13:24:03   492.2      49.0    0.0000000E+00  0.0000000E+00  0.0000000E+00  0.0000000E+00  0.0000000E+00  0.6666667E-01  0.2141667E+02  0.2766667E+02  0.1663333E+02  0.0000000E+00  0.0000000E+00  0.0000000E+00
 1999 101 13:27:06   495.2      51.3    0.0000000E+00  0.0000000E+00  0.0000000E+00  0.0000000E+00  0.0000000E+00  0.0000000E+00  0.2218333E+02  0.2680000E+02  0.1780000E+02  0.0000000E+00  0.0000000E+00  0.0000000E+00
 1999 101 13:30:10   477.7      49.9    0.0000000E+00  0.0000000E+00  0.1666667E-01  0.0000000E+00  0.0000000E+00  0.6666667E-01  0.2236667E+02  0.2640000E+02  0.1668333E+02  0.0000000E+00  0.0000000E+00  0.0000000E+00
 1999 101 13:33:14   500.2      46.6    0.0000000E+00  0.0000000E+00  0.0000000E+00  0.0000000E+00  0.0000000E+00  0.0000000E+00  0.2130000E+02  0.2640000E+02  0.1675000E+02  0.0000000E+00  0.0000000E+00  0.0000000E+00
 1999 101 13:36:17   501.2      48.9    0.0000000E+00  0.3333334E-01  0.3333334E-01  0.0000000E+00  0.0000000E+00  0.6666667E-01  0.2146667E+02  0.2640000E+02  0.1716667E+02  0.0000000E+00  0.0000000E+00  0.0000000E+00
 1999 101 13:39:21   510.2      44.4    0.1666667E-01  0.1666667E-01  0.1666667E-01  0.0000000E+00  0.0000000E+00  0.5000000E-01  0.2206667E+02  0.2610000E+02  0.1680000E+02  0.0000000E+00  0.0000000E+00  0.0000000E+00
 1999 101 13:42:25   501.1      48.1    0.1666667E-01  0.1666667E-01  0.0000000E+00  0.0000000E+00  0.0000000E+00  0.3333334E-01  0.2246667E+02  0.2581667E+02  0.1690000E+02  0.0000000E+00  0.0000000E+00  0.0000000E+00
 1999 101 13:45:28   474.6      52.5    0.0000000E+00  0.0000000E+00  0.0000000E+00  0.0000000E+00  0.0000000E+00  0.1666667E-01  0.2263333E+02  0.2678333E+02  0.1763333E+02  0.0000000E+00  0.0000000E+00  0.0000000E+00
 1999 101 13:48:32   483.9      41.8    0.3333334E-01  0.6666667E-01  0.0000000E+00  0.0000000E+00  0.0000000E+00  0.1000000E+00  0.2190000E+02  0.2585000E+02  0.1751667E+02  0.0000000E+00  0.0000000E+00  0.0000000E+00
 1999 101 13:51:36   491.4      43.7    0.1666667E-01  0.1666667E-01  0.1666667E-01  0.0000000E+00  0.1666667E-01  0.5000000E-01  0.2053333E+02  0.2683333E+02  0.1680000E+02  0.0000000E+00  0.0000000E+00  0.0000000E+00
 1999 101 13:54:39   490.4      51.4    0.3333334E-01  0.1666667E-01  0.1666667E-01  0.0000000E+00  0.0000000E+00  0.8333334E-01  0.2130000E+02  0.2693333E+02  0.1725000E+02  0.0000000E+00  0.0000000E+00  0.0000000E+00
 1999 101 13:57:43   486.9      45.8    0.5000000E-01  0.0000000E+00  0.0000000E+00  0.0000000E+00  0.0000000E+00  0.8333334E-01  0.2141667E+02  0.2791667E+02  0.1806667E+02  0.0000000E+00  0.0000000E+00  0.0000000E+00
 1999 101 14:00:46   487.3      45.4    0.1666667E-01  0.5000000E-01  0.3333334E-01  0.0000000E+00  0.0000000E+00  0.1000000E+00  0.2213333E+02  0.2833333E+02  0.1746667E+02  0.0000000E+00  0.0000000E+00  0.0000000E+00
 1999 101 14:03:50   485.3      45.7    0.0000000E+00  0.3333334E-01  0.1666667E-01  0.0000000E+00  0.0000000E+00  0.1333333E+00  0.2170000E+02  0.2660000E+02  0.1641667E+02  0.0000000E+00  0.0000000E+00  0.0000000E+00
 1999 101 14:06:54   480.6      47.2    0.5000000E-01  0.0000000E+00  0.1666667E-01  0.0000000E+00  0.0000000E+00  0.8333334E-01  0.2150000E+02  0.2620000E+02  0.1835000E+02  0.0000000E+00  0.0000000E+00  0.0000000E+00
 1999 101 14:09:57   480.9      47.5    0.0000000E+00  0.3333334E-01  0.3333334E-01  0.0000000E+00  0.0000000E+00  0.6666667E-01  0.2026667E+02  0.2696667E+02  0.1675000E+02  0.0000000E+00  0.0000000E+00  0.0000000E+00
 1999 101 14:13:01   483.6      48.3    0.0000000E+00  0.0000000E+00  0.1666667E-01  0.0000000E+00  0.0000000E+00  0.1666667E-01  0.2283333E+02  0.2675000E+02  0.1710000E+02  0.0000000E+00  0.0000000E+00  0.0000000E+00
 1999 101 14:16:05   487.6      45.2    0.0000000E+00  0.5000000E-01  0.0000000E+00  0.0000000E+00  0.0000000E+00  0.6666667E-01  0.2183333E+02  0.2671667E+02  0.1726667E+02  0.0000000E+00  0.0000000E+00  0.0000000E+00
 1999 101 14:19:08   482.3      48.3    0.1666667E-01  0.1666667E-01  0.0000000E+00  0.0000000E+00  0.0000000E+00  0.3333334E-01  0.2075000E+02  0.2676667E+02  0.1766667E+02  0.0000000E+00  0.0000000E+00  0.0000000E+00
 1999 101 14:22:12   481.3      48.2    0.0000000E+00  0.0000000E+00  0.1365333E+04  0.0000000E+00  0.0000000E+00  0.8817783E+04  0.2068933E+04  0.1136221E+06  0.1743333E+02  0.6280533E+04  0.3666667E+00  0.6186666E+02
 1999 101 14:25:15   484.5      48.1    0.0000000E+00  0.5000000E-01  0.1666667E-01  0.0000000E+00  0.0000000E+00  0.1166667E+00  0.2103333E+02  0.2673333E+02  0.1615000E+02  0.0000000E+00  0.0000000E+00  0.0000000E+00
 1999 101 14:28:19     0.0       0.0    0.3333334E-01  0.1666667E-01  0.0000000E+00  0.1365333E+03  0.0000000E+00  0.3333334E-01  0.2223333E+02  0.2703333E+02  0.1808333E+02  0.0000000E+00  0.0000000E+00  0.0000000E+00
 1999 101 14:31:23   479.4      47.7    0.0000000E+00  0.3333334E-01  0.1666667E-01  0.0000000E+00  0.0000000E+00  0.6666667E-01  0.2240000E+02  0.2698333E+02  0.1738333E+02  0.0000000E+00  0.0000000E+00  0.0000000E+00
 1999 101 14:34:26   476.8      47.7    0.0000000E+00  0.1666667E-01  0.0000000E+00  0.0000000E+00  0.0000000E+00  0.5000000E-01  0.2140000E+02  0.2730000E+02  0.1713333E+02  0.0000000E+00  0.0000000E+00  0.0000000E+00
 1999 101 14:37:30   487.2      48.4    0.1666667E-01  0.1666667E-01  0.0000000E+00  0.0000000E+00  0.0000000E+00  0.3333334E-01  0.2146667E+02  0.2710000E+02  0.1741667E+02  0.0000000E+00  0.0000000E+00  0.0000000E+00
 1999 101 14:40:34   476.2      46.1    0.3333334E-01  0.3333334E-01  0.0000000E+00  0.0000000E+00  0.0000000E+00  0.6666667E-01  0.2066667E+02  0.2681667E+02  0.1708333E+02  0.0000000E+00  0.0000000E+00  0.0000000E+00
 1999 101 14:43:37   450.5      59.4    0.0000000E+00  0.0000000E+00  0.0000000E+00  0.0000000E+00  0.0000000E+00  0.0000000E+00  0.2203333E+02  0.2746667E+02  0.1685000E+02  0.0000000E+00  0.0000000E+00  0.0000000E+00
 1999 101 14:46:41     0.0       0.0    0.0000000E+00  0.0000000E+00  0.0000000E+00  0.0000000E+00  0.0000000E+00  0.4000000E-01  0.2130000E+02  0.2672000E+02  0.1722000E+02  0.0000000E+00  0.0000000E+00  0.0000000E+00
 1999 101 14:49:45   472.8      50.3    0.1666667E-01  0.1666667E-01  0.0000000E+00  0.0000000E+00  0.0000000E+00  0.5000000E-01  0.2293333E+02  0.2723333E+02  0.1706667E+02  0.0000000E+00  0.0000000E+00  0.0000000E+00
 1999 101 14:52:48   471.6      50.9    0.0000000E+00  0.5000000E-01  0.3333334E-01  0.0000000E+00  0.0000000E+00  0.8333334E-01  0.2161667E+02  0.2603333E+02  0.1783333E+02  0.0000000E+00  0.0000000E+00  0.0000000E+00
 1999 101 14:55:52   458.6      54.1    0.0000000E+00  0.3333334E-01  0.1666667E-01  0.0000000E+00  0.0000000E+00  0.5000000E-01  0.2183333E+02  0.2723333E+02  0.1705000E+02  0.0000000E+00  0.0000000E+00  0.0000000E+00
 1999 101 14:58:55   458.6      52.3    0.0000000E+00  0.0000000E+00  0.0000000E+00  0.0000000E+00  0.0000000E+00  0.0000000E+00  0.2223333E+02  0.2633333E+02  0.1786667E+02  0.0000000E+00  0.0000000E+00  0.0000000E+00
 1999 101 15:01:59   457.5      55.7    0.1666667E-01  0.1666667E-01  0.1666667E-01  0.0000000E+00  0.0000000E+00  0.8333334E-01  0.2155000E+02  0.2710000E+02  0.1690000E+02  0.0000000E+00  0.0000000E+00  0.0000000E+00
 1999 101 15:05:03   459.0      54.0    0.0000000E+00  0.0000000E+00  0.0000000E+00  0.0000000E+00  0.0000000E+00  0.3333334E-01  0.2146667E+02  0.2601667E+02  0.1695000E+02  0.0000000E+00  0.0000000E+00  0.0000000E+00
 1999 101 15:08:06   474.2      45.2    0.1666667E-01  0.3333334E-01  0.1666667E-01  0.0000000E+00  0.0000000E+00  0.1500000E+00  0.2123333E+02  0.2633333E+02  0.1740000E+02  0.0000000E+00  0.0000000E+00  0.0000000E+00
 1999 101 15:11:10   465.1      56.2    0.1666667E-01  0.8333334E-01  0.1666667E-01  0.0000000E+00  0.0000000E+00  0.1166667E+00  0.2085000E+02  0.2765000E+02  0.1800000E+02  0.0000000E+00  0.0000000E+00  0.0000000E+00
 1999 101 15:14:14   469.9      47.2    0.1666667E-01  0.5000000E-01  0.1666667E-01  0.0000000E+00  0.0000000E+00  0.1166667E+00  0.2161667E+02  0.2746667E+02  0.1706667E+02  0.0000000E+00  0.0000000E+00  0.0000000E+00
 1999 101 15:17:17   463.3      50.5    0.5000000E-01  0.3333334E-01  0.1666667E-01  0.0000000E+00  0.0000000E+00  0.1166667E+00  0.2180000E+02  0.2856667E+02  0.1780000E+02  0.0000000E+00  0.0000000E+00  0.0000000E+00
 1999 101 15:20:21   459.7      53.1    0.1666667E-01  0.3333334E-01  0.1666667E-01  0.0000000E+00  0.1666667E-01  0.8333334E-01  0.2150000E+02  0.2805000E+02  0.1853333E+02  0.0000000E+00  0.0000000E+00  0.0000000E+00
 1999 101 15:23:24   464.1      46.8    0.0000000E+00  0.3333334E-01  0.0000000E+00  0.0000000E+00  0.0000000E+00  0.3333334E-01  0.2101667E+02  0.2783333E+02  0.1730000E+02  0.0000000E+00  0.0000000E+00  0.0000000E+00
 1999 101 15:26:28   467.9      49.5    0.1500000E+00  0.5000000E-01  0.0000000E+00  0.0000000E+00  0.0000000E+00  0.2000000E+00  0.2255000E+02  0.2740000E+02  0.2320000E+02  0.0000000E+00  0.0000000E+00  0.0000000E+00
 1999 101 15:29:32   470.6      50.2    0.5166667E+00  0.1666667E-01  0.0000000E+00  0.0000000E+00  0.0000000E+00  0.5333334E+00  0.2233333E+02  0.2793333E+02  0.3140000E+02  0.0000000E+00  0.0000000E+00  0.0000000E+00
 1999 101 15:32:35   480.2      52.4    0.4833333E+00  0.1000000E+00  0.0000000E+00  0.0000000E+00  0.0000000E+00  0.6500000E+00  0.2256667E+02  0.3200000E+02  0.2833333E+02  0.0000000E+00  0.0000000E+00  0.0000000E+00
 1999 101 15:35:39   468.4      42.7    0.4833333E+00  0.1000000E+00  0.1666667E-01  0.0000000E+00  0.0000000E+00  0.6333333E+00  0.2176667E+02  0.2890000E+02  0.2280000E+02  0.0000000E+00  0.0000000E+00  0.0000000E+00
 1999 101 15:38:42   480.0      49.7    0.1666667E-01  0.6666667E-01  0.1666667E-01  0.0000000E+00  0.0000000E+00  0.1000000E+00  0.2170000E+02  0.2736667E+02  0.1780000E+02  0.0000000E+00  0.0000000E+00  0.0000000E+00
 1999 101 15:41:46   483.2      51.5    0.6666667E-01  0.1666667E-01  0.0000000E+00  0.0000000E+00  0.0000000E+00  0.8333334E-01  0.2253333E+02  0.2850000E+02  0.1661667E+02  0.0000000E+00  0.0000000E+00  0.0000000E+00
 1999 101 15:44:50   462.4      49.5    0.9000000E+00  0.1500000E+00  0.1666667E-01  0.0000000E+00  0.0000000E+00  0.1083333E+01  0.2553333E+02  0.3270000E+02  0.2361667E+02  0.0000000E+00  0.0000000E+00  0.0000000E+00
 1999 101 15:47:53   477.4      54.6    0.1166667E+00  0.3333334E-01  0.1666667E-01  0.0000000E+00  0.0000000E+00  0.1833333E+00  0.2320000E+02  0.2790000E+02  0.1813333E+02  0.0000000E+00  0.0000000E+00  0.0000000E+00
 1999 101 15:50:57   471.1      59.6    0.1666667E-01  0.5000000E-01  0.1666667E-01  0.0000000E+00  0.0000000E+00  0.1000000E+00  0.2236667E+02  0.2748333E+02  0.1693333E+02  0.0000000E+00  0.0000000E+00  0.0000000E+00
 1999 101 15:54:00   468.8      51.6    0.5000000E-01  0.1666667E-01  0.0000000E+00  0.0000000E+00  0.0000000E+00  0.1166667E+00  0.2148333E+02  0.2813333E+02  0.1810000E+02  0.0000000E+00  0.0000000E+00  0.0000000E+00
 1999 101 15:57:04   468.7      50.1    0.1500000E+00  0.6666667E-01  0.1666667E-01  0.0000000E+00  0.0000000E+00  0.2500000E+00  0.2220000E+02  0.2686667E+02  0.1861667E+02  0.0000000E+00  0.0000000E+00  0.0000000E+00
 1999 101 16:00:08   463.9      49.2    0.5000000E-01  0.1666667E-01  0.0000000E+00  0.0000000E+00  0.0000000E+00  0.8333334E-01  0.2105000E+02  0.2816667E+02  0.1860000E+02  0.0000000E+00  0.0000000E+00  0.0000000E+00
 1999 101 16:03:11   457.5      63.1    0.1666667E-01  0.5000000E-01  0.1666667E-01  0.0000000E+00  0.0000000E+00  0.8333334E-01  0.2195000E+02  0.2683333E+02  0.1706667E+02  0.0000000E+00  0.0000000E+00  0.0000000E+00
 1999 101 16:06:15   470.2      47.7    0.3333334E-01  0.1666667E-01  0.0000000E+00  0.0000000E+00  0.0000000E+00  0.5000000E-01  0.2170000E+02  0.2706667E+02  0.1680000E+02  0.0000000E+00  0.0000000E+00  0.0000000E+00
 1999 101 16:09:19   469.9      51.4    0.1666667E-01  0.1666667E-01  0.0000000E+00  0.0000000E+00  0.0000000E+00  0.3333334E-01  0.2235000E+02  0.2818333E+02  0.1686667E+02  0.0000000E+00  0.0000000E+00  0.0000000E+00
 1999 101 16:12:22   464.8      48.8    0.5000000E-01  0.1666667E-01  0.1666667E-01  0.0000000E+00  0.0000000E+00  0.1000000E+00  0.2100000E+02  0.2606667E+02  0.1783333E+02  0.0000000E+00  0.0000000E+00  0.0000000E+00
 1999 101 16:15:26   472.0      48.4    0.5000000E-01  0.1666667E-01  0.1666667E-01  0.0000000E+00  0.0000000E+00  0.1000000E+00  0.2246667E+02  0.2730000E+02  0.1755000E+02  0.0000000E+00  0.0000000E+00  0.0000000E+00
 1999 101 16:18:29   478.6      48.6    0.1666667E-01  0.1666667E-01  0.0000000E+00  0.0000000E+00  0.0000000E+00  0.6666667E-01  0.2253333E+02  0.2761667E+02  0.1735000E+02  0.0000000E+00  0.0000000E+00  0.0000000E+00
 1999 101 16:21:33   478.9      50.4    0.1000000E+00  0.3333334E-01  0.1666667E-01  0.0000000E+00  0.0000000E+00  0.1666667E+00  0.2233333E+02  0.2818333E+02  0.1791667E+02  0.0000000E+00  0.0000000E+00  0.0000000E+00
 1999 101 16:24:37   471.7      49.9    0.5000000E+00  0.1666667E-01  0.1666667E-01  0.0000000E+00  0.0000000E+00  0.6000000E+00  0.2323333E+02  0.3170000E+02  0.2318333E+02  0.0000000E+00  0.0000000E+00  0.0000000E+00
 1999 101 16:27:40   474.7      53.6    0.1116667E+01  0.1666667E+00  0.3333334E-01  0.0000000E+00  0.1666667E-01  0.1366667E+01  0.2743333E+02  0.3203333E+02  0.2818333E+02  0.0000000E+00  0.0000000E+00  0.0000000E+00
 1999 101 16:30:44   471.1      52.7    0.1216667E+01  0.1500000E+00  0.1666667E-01  0.0000000E+00  0.1666667E-01  0.1466667E+01  0.2658333E+02  0.3260000E+02  0.3156667E+02  0.0000000E+00  0.0000000E+00  0.0000000E+00
 1999 101 16:33:48   464.5      50.4    0.1666667E+00  0.0000000E+00  0.0000000E+00  0.0000000E+00  0.0000000E+00  0.2166667E+00  0.2131667E+02  0.2840000E+02  0.1913333E+02  0.0000000E+00  0.0000000E+00  0.0000000E+00
 1999 101 16:36:51   475.1      51.1    0.4500000E+00  0.3333334E-01  0.1666667E-01  0.1666667E-01  0.0000000E+00  0.5166667E+00  0.2373333E+02  0.2901667E+02  0.2098333E+02  0.0000000E+00  0.0000000E+00  0.0000000E+00
 1999 101 16:39:55   468.1      50.7    0.3333334E-01  0.3333334E-01  0.0000000E+00  0.1666667E-01  0.0000000E+00  0.1000000E+00  0.2206667E+02  0.2806667E+02  0.1938333E+02  0.0000000E+00  0.0000000E+00  0.0000000E+00
 1999 101 16:42:59   474.7      53.9    0.3333334E-01  0.1666667E-01  0.1666667E-01  0.0000000E+00  0.1666667E-01  0.8333334E-01  0.2146667E+02  0.2796667E+02  0.1743333E+02  0.0000000E+00  0.0000000E+00  0.0000000E+00
 1999 101 16:46:02   466.7      52.0    0.1333333E+00  0.5000000E-01  0.3333334E-01  0.1666667E-01  0.0000000E+00  0.2166667E+00  0.2140000E+02  0.2866667E+02  0.1955000E+02  0.0000000E+00  0.0000000E+00  0.0000000E+00
 1999 101 16:49:06   459.4      61.5    0.5000000E-01  0.1666667E-01  0.0000000E+00  0.0000000E+00  0.1666667E-01  0.8333334E-01  0.2293333E+02  0.2738333E+02  0.1800000E+02  0.0000000E+00  0.0000000E+00  0.0000000E+00
 1999 101 16:52:09   464.8      54.9    0.3333334E-01  0.0000000E+00  0.0000000E+00  0.0000000E+00  0.0000000E+00  0.3333334E-01  0.2235000E+02  0.2680000E+02  0.1713333E+02  0.0000000E+00  0.0000000E+00  0.0000000E+00
 1999 101 16:55:13   470.1      49.5    0.8333334E-01  0.0000000E+00  0.1666667E-01  0.0000000E+00  0.0000000E+00  0.1166667E+00  0.2320000E+02  0.2770000E+02  0.1983333E+02  0.0000000E+00  0.0000000E+00  0.0000000E+00
 1999 101 16:58:17   468.6      54.5    0.5000000E+00  0.0000000E+00  0.0000000E+00  0.0000000E+00  0.0000000E+00  0.5166667E+00  0.2186667E+02  0.2906667E+02  0.1996667E+02  0.0000000E+00  0.0000000E+00  0.0000000E+00
 1999 101 17:01:20   475.0      53.0    0.3833333E+00  0.5000000E-01  0.1666667E-01  0.0000000E+00  0.0000000E+00  0.5166667E+00  0.2130000E+02  0.2996667E+02  0.2055000E+02  0.0000000E+00  0.0000000E+00  0.0000000E+00
 1999 101 17:04:24   464.9      48.9    0.3000000E+00  0.3333334E-01  0.0000000E+00  0.1666667E-01  0.0000000E+00  0.3833333E+00  0.2155000E+02  0.3123333E+02  0.2021667E+02  0.0000000E+00  0.1666667E-01  0.0000000E+00
 1999 101 17:07:28   470.9      46.2    0.2500000E+00  0.8333334E-01  0.3333334E-01  0.0000000E+00  0.0000000E+00  0.4166667E+00  0.2156667E+02  0.2916667E+02  0.1920000E+02  0.0000000E+00  0.0000000E+00  0.0000000E+00
 1999 101 17:10:31   469.7      48.4    0.6166667E+00  0.5000000E-01  0.1666667E-01  0.0000000E+00  0.0000000E+00  0.7000000E+00  0.2155000E+02  0.3156667E+02  0.2403333E+02  0.0000000E+00  0.0000000E+00  0.0000000E+00
 1999 101 17:13:35   463.4      43.1    0.5666667E+00  0.8333334E-01  0.1666667E-01  0.0000000E+00  0.0000000E+00  0.7166666E+00  0.2218333E+02  0.2973333E+02  0.2368333E+02  0.0000000E+00  0.0000000E+00  0.0000000E+00
 1999 101 17:16:38   459.0      44.3    0.1833333E+00  0.6666667E-01  0.3333334E-01  0.0000000E+00  0.0000000E+00  0.3166667E+00  0.2160000E+02  0.2906667E+02  0.1943333E+02  0.0000000E+00  0.0000000E+00  0.0000000E+00
 1999 101 17:19:42   446.9      33.1    0.2166667E+00  0.8333334E-01  0.0000000E+00  0.0000000E+00  0.0000000E+00  0.3166667E+00  0.2195000E+02  0.2943333E+02  0.1895000E+02  0.0000000E+00  0.0000000E+00  0.0000000E+00
 1999 101 17:22:46   458.6      39.6    0.4000000E+00  0.3333334E-01  0.1666667E-01  0.0000000E+00  0.0000000E+00  0.5000000E+00  0.2166667E+02  0.2846667E+02  0.2241667E+02  0.0000000E+00  0.0000000E+00  0.0000000E+00
 1999 101 17:25:49   469.5      45.3    0.9333333E+00  0.1000000E+00  0.1666667E-01  0.0000000E+00  0.0000000E+00  0.1133333E+01  0.2465000E+02  0.3266667E+02  0.2968333E+02  0.0000000E+00  0.0000000E+00  0.0000000E+00
 1999 101 17:28:53   467.7      51.2    0.1633333E+01  0.8333334E-01  0.3333334E-01  0.0000000E+00  0.0000000E+00  0.1816667E+01  0.2843333E+02  0.3400000E+02  0.3290000E+02  0.0000000E+00  0.0000000E+00  0.0000000E+00
 1999 101 17:31:57   475.0      47.6    0.1383333E+01  0.6666667E-01  0.0000000E+00  0.3333334E-01  0.0000000E+00  0.1533333E+01  0.2786667E+02  0.3333333E+02  0.3300000E+02  0.0000000E+00  0.1666667E-01  0.0000000E+00
 1999 101 17:35:00   464.9      44.6    0.2400000E+01  0.1333333E+00  0.1666667E-01  0.0000000E+00  0.0000000E+00  0.2650000E+01  0.2985000E+02  0.3600000E+02  0.3910000E+02  0.0000000E+00  0.0000000E+00  0.0000000E+00
 1999 101 17:38:04   466.6      43.7    0.1916667E+01  0.1666667E+00  0.3333334E-01  0.0000000E+00  0.0000000E+00  0.2283333E+01  0.3043333E+02  0.3533333E+02  0.3651667E+02  0.0000000E+00  0.0000000E+00  0.0000000E+00
 1999 101 17:41:08   475.1      48.2    0.2133333E+01  0.1666667E+00  0.1666667E-01  0.1666667E-01  0.0000000E+00  0.2416667E+01  0.3031667E+02  0.3523333E+02  0.3690000E+02  0.0000000E+00  0.1666667E-01  0.0000000E+00
 1999 101 17:44:11   474.8      48.4    0.1816667E+01  0.1000000E+00  0.3333334E-01  0.0000000E+00  0.1666667E-01  0.2133333E+01  0.3090000E+02  0.3656667E+02  0.3723333E+02  0.0000000E+00  0.0000000E+00  0.0000000E+00
 1999 101 17:47:15   469.1      46.3    0.1800000E+01  0.1833333E+00  0.1666667E-01  0.1666667E-01  0.0000000E+00  0.2083333E+01  0.2755000E+02  0.3526667E+02  0.3663334E+02  0.0000000E+00  0.0000000E+00  0.0000000E+00
 1999 101 17:50:18   462.9      44.4    0.2366667E+01  0.3000000E+00  0.1666667E-01  0.3333334E-01  0.0000000E+00  0.2833333E+01  0.3246667E+02  0.3790000E+02  0.4195000E+02  0.0000000E+00  0.1666667E-01  0.0000000E+00
 1999 101 17:53:22   458.3      37.9    0.2550000E+01  0.2833333E+00  0.0000000E+00  0.0000000E+00  0.0000000E+00  0.2883333E+01  0.3278333E+02  0.3610000E+02  0.3950000E+02  0.0000000E+00  0.0000000E+00  0.0000000E+00
 1999 101 17:56:26   457.4      44.2    0.2150000E+01  0.1833333E+00  0.1666667E-01  0.0000000E+00  0.0000000E+00  0.2416667E+01  0.3143333E+02  0.3726667E+02  0.3771667E+02  0.0000000E+00  0.0000000E+00  0.0000000E+00
 1999 101 17:59:29   440.9      33.2    0.2133333E+01  0.1666667E+00  0.3333334E-01  0.0000000E+00  0.0000000E+00  0.2533333E+01  0.3080000E+02  0.3533333E+02  0.3955000E+02  0.0000000E+00  0.0000000E+00  0.0000000E+00
 1999 101 18:02:33   459.9      47.6    0.2066667E+01  0.1000000E+00  0.6666667E-01  0.0000000E+00  0.0000000E+00  0.2316667E+01  0.2986667E+02  0.3503333E+02  0.3625000E+02  0.0000000E+00  0.0000000E+00  0.0000000E+00
 1999 101 18:05:37   467.9      54.6    0.2166667E+01  0.1500000E+00  0.1666667E-01  0.0000000E+00  0.0000000E+00  0.2433333E+01  0.3063333E+02  0.3583333E+02  0.3603333E+02  0.0000000E+00  0.0000000E+00  0.0000000E+00
 1999 101 18:08:40   466.1      46.2    0.1883333E+01  0.1833333E+00  0.1666667E-01  0.3333334E-01  0.3333334E-01  0.2133333E+01  0.3073333E+02  0.3676667E+02  0.3830000E+02  0.0000000E+00  0.1666667E-01  0.0000000E+00
 1999 101 18:11:44   464.8      49.0    0.1516667E+01  0.1500000E+00  0.3333334E-01  0.0000000E+00  0.1666667E-01  0.1833333E+01  0.2723333E+02  0.3506667E+02  0.3276667E+02  0.0000000E+00  0.0000000E+00  0.0000000E+00
 1999 101 18:14:47   466.1      48.7    0.1866667E+01  0.1666667E+00  0.1666667E-01  0.3333334E-01  0.0000000E+00  0.2116667E+01  0.2846667E+02  0.3516667E+02  0.3455000E+02  0.0000000E+00  0.1666667E-01  0.0000000E+00
 1999 101 18:17:51   465.1      50.7    0.1000000E+01  0.2166667E+00  0.0000000E+00  0.0000000E+00  0.0000000E+00  0.1300000E+01  0.2645000E+02  0.3443333E+02  0.3026667E+02  0.0000000E+00  0.0000000E+00  0.0000000E+00
 1999 101 18:20:54   438.6      70.0    0.2166667E+00  0.5000000E-01  0.1666667E-01  0.0000000E+00  0.0000000E+00  0.3166667E+00  0.2350000E+02  0.2663333E+02  0.1973333E+02  0.0000000E+00  0.0000000E+00  0.0000000E+00
 1999 101 18:23:58   456.2      53.8    0.6666667E-01  0.1666667E-01  0.0000000E+00  0.0000000E+00  0.0000000E+00  0.1333333E+00  0.2116667E+02  0.2646667E+02  0.1940000E+02  0.0000000E+00  0.0000000E+00  0.0000000E+00
 1999 101 18:27:02   455.2      58.7    0.1333333E+00  0.1666667E-01  0.0000000E+00  0.1666667E-01  0.0000000E+00  0.1833333E+00  0.2080000E+02  0.2923333E+02  0.2080000E+02  0.0000000E+00  0.1666667E-01  0.0000000E+00
 1999 101 18:30:05   450.3      61.2    0.3166667E+00  0.8333334E-01  0.1666667E-01  0.0000000E+00  0.0000000E+00  0.4166667E+00  0.2270000E+02  0.2916667E+02  0.2266667E+02  0.0000000E+00  0.0000000E+00  0.0000000E+00
 1999 101 18:33:09   452.7      58.9    0.5500000E+00  0.1166667E+00  0.5000000E-01  0.0000000E+00  0.0000000E+00  0.7666667E+00  0.2196667E+02  0.3196667E+02  0.2356667E+02  0.0000000E+00  0.0000000E+00  0.0000000E+00
 1999 101 18:36:13   450.9      56.8    0.2500000E+00  0.1000000E+00  0.1666667E-01  0.0000000E+00  0.0000000E+00  0.4166667E+00  0.2078333E+02  0.2913333E+02  0.2190000E+02  0.0000000E+00  0.0000000E+00  0.0000000E+00
 1999 101 18:39:16   452.3      47.0    0.1666667E+00  0.8333334E-01  0.5000000E-01  0.0000000E+00  0.0000000E+00  0.3500000E+00  0.2226667E+02  0.2866667E+02  0.1978333E+02  0.0000000E+00  0.0000000E+00  0.0000000E+00
 1999 101 18:42:20   447.7      65.3    0.1666667E-01  0.1666667E-01  0.0000000E+00  0.0000000E+00  0.0000000E+00  0.5000000E-01  0.2161667E+02  0.2605000E+02  0.1780000E+02  0.0000000E+00  0.0000000E+00  0.0000000E+00
 1999 101 18:45:23   459.8      54.5    0.4666667E+00  0.1000000E+00  0.5000000E-01  0.0000000E+00  0.0000000E+00  0.6166667E+00  0.2270000E+02  0.3120000E+02  0.2370000E+02  0.0000000E+00  0.0000000E+00  0.0000000E+00
 1999 101 18:48:27   459.7      62.4    0.7333333E+00  0.1500000E+00  0.1666667E-01  0.0000000E+00  0.0000000E+00  0.1016667E+01  0.2333333E+02  0.3370000E+02  0.2608333E+02  0.0000000E+00  0.0000000E+00  0.0000000E+00
 1999 101 18:51:31   457.7      59.1    0.7833334E+00  0.6666667E-01  0.3333334E-01  0.0000000E+00  0.1666667E-01  0.9333333E+00  0.2360000E+02  0.3380000E+02  0.2711667E+02  0.0000000E+00  0.0000000E+00  0.0000000E+00
 1999 101 18:54:34   456.2      53.3    0.2500000E+00  0.8333334E-01  0.3333334E-01  0.0000000E+00  0.0000000E+00  0.3833333E+00  0.2221667E+02  0.2920000E+02  0.2275000E+02  0.0000000E+00  0.0000000E+00  0.0000000E+00
 1999 101 18:57:38   418.6      28.7    0.5000000E-01  0.6666667E-01  0.1666667E-01  0.0000000E+00  0.1666667E-01  0.1666667E+00  0.2213333E+02  0.2553333E+02  0.1795000E+02  0.0000000E+00  0.0000000E+00  0.0000000E+00
 1999 101 19:00:42   418.3      26.2    0.1166667E+00  0.3333334E-01  0.1666667E-01  0.0000000E+00  0.0000000E+00  0.2166667E+00  0.2276667E+02  0.2683333E+02  0.1783333E+02  0.0000000E+00  0.0000000E+00  0.0000000E+00
 1999 101 19:03:45   416.3      24.3    0.2833333E+00  0.6666667E-01  0.1666667E-01  0.0000000E+00  0.0000000E+00  0.3666667E+00  0.2470000E+02  0.2791667E+02  0.2056667E+02  0.0000000E+00  0.0000000E+00  0.0000000E+00
 1999 101 19:06:49   435.5      38.7    0.8000000E+00  0.6666667E-01  0.1666667E-01  0.0000000E+00  0.1666667E-01  0.9333333E+00  0.2973333E+02  0.3156667E+02  0.2601667E+02  0.0000000E+00  0.0000000E+00  0.0000000E+00
 1999 101 19:09:53   433.1      39.5    0.1200000E+01  0.6666667E-01  0.1666667E-01  0.0000000E+00  0.0000000E+00  0.1416667E+01  0.2986667E+02  0.3200000E+02  0.2995000E+02  0.0000000E+00  0.0000000E+00  0.0000000E+00
 1999 101 19:12:56   432.9      37.1    0.9000000E+00  0.3333334E-01  0.3333334E-01  0.0000000E+00  0.0000000E+00  0.1000000E+01  0.2920000E+02  0.3186667E+02  0.2573333E+02  0.0000000E+00  0.0000000E+00  0.0000000E+00
 1999 101 19:16:00   446.2      47.7    0.1816667E+01  0.2000000E+00  0.0000000E+00  0.3333334E-01  0.0000000E+00  0.2050000E+01  0.3060000E+02  0.3440000E+02  0.3461666E+02  0.0000000E+00  0.1666667E-01  0.0000000E+00
 1999 101 19:19:03   450.3      50.8    0.1766667E+01  0.2666667E+00  0.3333334E-01  0.0000000E+00  0.0000000E+00  0.2233333E+01  0.2760000E+02  0.3566667E+02  0.4083333E+02  0.0000000E+00  0.0000000E+00  0.0000000E+00
 1999 101 19:22:07   449.4      53.8    0.1483333E+01  0.1000000E+00  0.1666667E-01  0.0000000E+00  0.0000000E+00  0.1700000E+01  0.2483333E+02  0.3303333E+02  0.4530000E+02  0.0000000E+00  0.0000000E+00  0.0000000E+00
 1999 101 19:25:11   446.3      46.8    0.1450000E+01  0.1333333E+00  0.0000000E+00  0.0000000E+00  0.0000000E+00  0.1633333E+01  0.2646667E+02  0.3396667E+02  0.3706667E+02  0.0000000E+00  0.0000000E+00  0.0000000E+00
 1999 101 19:28:14   442.8      45.1    0.1350000E+01  0.1166667E+00  0.1666667E-01  0.1666667E-01  0.0000000E+00  0.1600000E+01  0.2553333E+02  0.3330000E+02  0.3738334E+02  0.0000000E+00  0.0000000E+00  0.0000000E+00
 1999 101 19:31:18   436.8      52.4    0.1500000E+01  0.1666667E+00  0.3333334E-01  0.0000000E+00  0.0000000E+00  0.1766667E+01  0.2323333E+02  0.3296667E+02  0.4060000E+02  0.0000000E+00  0.0000000E+00  0.0000000E+00
 1999 101 19:34:22   443.2      46.4    0.1033333E+01  0.1000000E+00  0.0000000E+00  0.1666667E-01  0.1666667E-01  0.1166667E+01  0.2311667E+02  0.3193333E+02  0.3423333E+02  0.0000000E+00  0.1666667E-01  0.0000000E+00
 1999 101 19:37:25   440.8      45.0    0.7000000E+00  0.3333334E-01  0.1666667E-01  0.1666667E-01  0.0000000E+00  0.8166667E+00  0.2310000E+02  0.3156667E+02  0.3210000E+02  0.0000000E+00  0.0000000E+00  0.0000000E+00
 1999 101 19:40:29   445.5      50.0    0.4500000E+00  0.1000000E+00  0.1666667E-01  0.0000000E+00  0.1666667E-01  0.6000000E+00  0.2386667E+02  0.2890000E+02  0.2541667E+02  0.0000000E+00  0.0000000E+00  0.0000000E+00
 1999 101 19:43:32   452.5      50.4    0.1500000E+01  0.1333333E+00  0.0000000E+00  0.1666667E-01  0.0000000E+00  0.1666667E+01  0.2930000E+02  0.3313334E+02  0.3115000E+02  0.0000000E+00  0.1666667E-01  0.0000000E+00
 1999 101 19:46:36   452.2      48.5    0.1050000E+01  0.1500000E+00  0.1666667E-01  0.1666667E-01  0.0000000E+00  0.1266667E+01  0.2703333E+02  0.3233333E+02  0.3248333E+02  0.0000000E+00  0.1666667E-01  0.0000000E+00
 1999 101 19:49:40   454.4      40.9    0.1583333E+01  0.2500000E+00  0.3333334E-01  0.0000000E+00  0.1666667E-01  0.2000000E+01  0.3113333E+02  0.3340000E+02  0.2961667E+02  0.1666667E-01  0.0000000E+00  0.0000000E+00
 1999 101 19:52:43   437.4      62.4    0.1516667E+01  0.3833333E+00  0.3333334E-01  0.3333334E-01  0.0000000E+00  0.2066667E+01  0.3018333E+02  0.3520000E+02  0.3621667E+02  0.0000000E+00  0.0000000E+00  0.0000000E+00
 1999 101 19:55:47   437.8      52.1    0.1000000E+01  0.1500000E+00  0.0000000E+00  0.0000000E+00  0.1666667E-01  0.1200000E+01  0.2363333E+02  0.3050000E+02  0.3166667E+02  0.0000000E+00  0.0000000E+00  0.0000000E+00
 1999 101 19:58:51   433.7      43.0    0.1000000E+01  0.2666667E+00  0.1666667E-01  0.1666667E-01  0.1666667E-01  0.1350000E+01  0.2450000E+02  0.3200000E+02  0.3296667E+02  0.1666667E-01  0.0000000E+00  0.0000000E+00
 1999 101 20:01:54   430.6      50.4    0.2283333E+01  0.2833333E+00  0.0000000E+00  0.0000000E+00  0.0000000E+00  0.2683333E+01  0.2740000E+02  0.3593333E+02  0.3763334E+02  0.0000000E+00  0.0000000E+00  0.0000000E+00
 1999 101 20:04:58   441.5      41.9    0.1583333E+01  0.1166667E+00  0.1666667E-01  0.0000000E+00  0.0000000E+00  0.1783333E+01  0.2608333E+02  0.3543333E+02  0.3140000E+02  0.0000000E+00  0.0000000E+00  0.0000000E+00
 1999 101 20:08:02   432.9      56.8    0.8500000E+00  0.1500000E+00  0.0000000E+00  0.0000000E+00  0.0000000E+00  0.1066667E+01  0.2466667E+02  0.3493333E+02  0.2676667E+02  0.0000000E+00  0.0000000E+00  0.0000000E+00
 1999 101 20:11:05   432.7      40.6    0.1200000E+01  0.1833333E+00  0.0000000E+00  0.3333334E-01  0.0000000E+00  0.1450000E+01  0.2790000E+02  0.3366667E+02  0.2868333E+02  0.0000000E+00  0.0000000E+00  0.0000000E+00
 1999 101 20:14:09   436.6      42.4    0.1200000E+01  0.1166667E+00  0.1666667E-01  0.1666667E-01  0.3333334E-01  0.1416667E+01  0.2840000E+02  0.3413334E+02  0.2818333E+02  0.0000000E+00  0.0000000E+00  0.1666667E-01
 1999 101 20:17:12   436.0      42.5    0.7500000E+00  0.1166667E+00  0.3333334E-01  0.0000000E+00  0.1666667E-01  0.9166667E+00  0.2560000E+02  0.3273333E+02  0.2443333E+02  0.0000000E+00  0.0000000E+00  0.0000000E+00
 1999 101 20:20:16   434.8      41.1    0.1383333E+01  0.3000000E+00  0.0000000E+00  0.5000000E-01  0.0000000E+00  0.1750000E+01  0.2790000E+02  0.3546667E+02  0.2993333E+02  0.0000000E+00  0.1666667E-01  0.0000000E+00
 1999 101 20:23:20   444.2      48.9    0.6666667E+00  0.8333334E-01  0.1666667E-01  0.0000000E+00  0.0000000E+00  0.8333333E+00  0.2396667E+02  0.3196667E+02  0.2756667E+02  0.0000000E+00  0.0000000E+00  0.0000000E+00
 1999 101 20:26:23     0.0       0.0    0.1333333E+00  0.0000000E+00  0.3333334E-01  0.0000000E+00  0.0000000E+00  0.1666667E+00  0.2086667E+02  0.2353333E+02  0.1813333E+02  0.0000000E+00  0.0000000E+00  0.0000000E+00
 1999 101 20:29:27   433.7      42.3    0.1666667E-01  0.1666667E-01  0.0000000E+00  0.0000000E+00  0.0000000E+00  0.3333334E-01  0.2098333E+02  0.2823333E+02  0.1743333E+02  0.0000000E+00  0.0000000E+00  0.0000000E+00
 1999 101 20:32:31   432.9      45.4    0.8333334E-01  0.1666667E-01  0.1666667E-01  0.0000000E+00  0.0000000E+00  0.1500000E+00  0.2153333E+02  0.2723333E+02  0.1673333E+02  0.0000000E+00  0.0000000E+00  0.0000000E+00
 1999 101 20:35:34   447.7      44.3    0.2666667E+00  0.6666667E-01  0.3333334E-01  0.0000000E+00  0.0000000E+00  0.4166667E+00  0.2320000E+02  0.2876667E+02  0.1845000E+02  0.0000000E+00  0.0000000E+00  0.0000000E+00
 1999 101 20:38:38   453.8      49.1    0.3833333E+00  0.5000000E-01  0.0000000E+00  0.0000000E+00  0.0000000E+00  0.4333333E+00  0.2378333E+02  0.2820000E+02  0.1970000E+02  0.0000000E+00  0.0000000E+00  0.0000000E+00
 1999 101 20:41:41   452.8      48.7    0.3333333E+00  0.3333334E-01  0.1666667E-01  0.0000000E+00  0.0000000E+00  0.4166667E+00  0.2195000E+02  0.3050000E+02  0.1955000E+02  0.0000000E+00  0.0000000E+00  0.0000000E+00
 1999 101 20:44:45   447.2      45.3    0.3333334E-01  0.0000000E+00  0.0000000E+00  0.0000000E+00  0.0000000E+00  0.5000000E-01  0.2080000E+02  0.2735000E+02  0.1845000E+02  0.0000000E+00  0.0000000E+00  0.0000000E+00
 1999 101 20:47:49   458.9      50.5    0.8333334E-01  0.0000000E+00  0.1666667E-01  0.0000000E+00  0.0000000E+00  0.1166667E+00  0.2181667E+02  0.2793333E+02  0.1868333E+02  0.0000000E+00  0.0000000E+00  0.0000000E+00
 1999 101 20:50:52   448.4      50.8    0.4833333E+00  0.5000000E-01  0.3333334E-01  0.0000000E+00  0.0000000E+00  0.6333333E+00  0.2118333E+02  0.2870000E+02  0.2246667E+02  0.0000000E+00  0.0000000E+00  0.0000000E+00
 1999 101 20:53:56   433.8      41.0    0.0000000E+00  0.1666667E-01  0.1666667E-01  0.0000000E+00  0.0000000E+00  0.6666667E-01  0.2180000E+02  0.2598333E+02  0.1816667E+02  0.0000000E+00  0.0000000E+00  0.0000000E+00
 1999 101 20:57:00   411.9      67.6    0.0000000E+00  0.1666667E-01  0.0000000E+00  0.1666667E-01  0.0000000E+00  0.3333334E-01  0.2148333E+02  0.2660000E+02  0.1745000E+02  0.0000000E+00  0.0000000E+00  0.0000000E+00
 1999 101 21:00:03   437.0      48.5    0.1666667E-01  0.1666667E-01  0.0000000E+00  0.0000000E+00  0.0000000E+00  0.6666667E-01  0.2225000E+02  0.2608333E+02  0.1691667E+02  0.0000000E+00  0.0000000E+00  0.0000000E+00
 1999 101 21:03:07   438.5      46.4    0.0000000E+00  0.1666667E-01  0.0000000E+00  0.0000000E+00  0.0000000E+00  0.1666667E-01  0.2200000E+02  0.2585000E+02  0.1851667E+02  0.0000000E+00  0.0000000E+00  0.0000000E+00
 1999 101 21:06:11   431.9      40.3    0.0000000E+00  0.0000000E+00  0.3333334E-01  0.0000000E+00  0.0000000E+00  0.5000000E-01  0.2080000E+02  0.2693333E+02  0.1791667E+02  0.0000000E+00  0.0000000E+00  0.0000000E+00
 1999 101 21:09:14   432.3      50.4    0.0000000E+00  0.1666667E-01  0.1666667E-01  0.0000000E+00  0.0000000E+00  0.1666667E-01  0.2296667E+02  0.2578333E+02  0.1743333E+02  0.0000000E+00  0.0000000E+00  0.0000000E+00
 1999 101 21:12:17   432.0      48.3    0.0000000E+00  0.0000000E+00  0.0000000E+00  0.0000000E+00  0.1666667E-01  0.3333334E-01  0.2170000E+02  0.2660000E+02  0.1725000E+02  0.0000000E+00  0.0000000E+00  0.0000000E+00
 1999 101 21:15:21   435.8      47.6    0.0000000E+00  0.5000000E-01  0.0000000E+00  0.0000000E+00  0.0000000E+00  0.6666667E-01  0.2256667E+02  0.2586667E+02  0.1790000E+02  0.0000000E+00  0.0000000E+00  0.0000000E+00
 1999 101 21:18:25   433.9      50.8    0.1666667E-01  0.0000000E+00  0.0000000E+00  0.0000000E+00  0.0000000E+00  0.1666667E-01  0.2183333E+02  0.2610000E+02  0.1810000E+02  0.0000000E+00  0.0000000E+00  0.0000000E+00
 1999 101 21:21:28   430.0      53.6    0.5000000E-01  0.3333334E-01  0.0000000E+00  0.0000000E+00  0.0000000E+00  0.1166667E+00  0.2273333E+02  0.2653333E+02  0.1726667E+02  0.0000000E+00  0.0000000E+00  0.0000000E+00
 1999 101 21:24:32   439.0      45.8    0.1666667E-01  0.0000000E+00  0.1666667E-01  0.0000000E+00  0.0000000E+00  0.5000000E-01  0.2126667E+02  0.2553333E+02  0.1745000E+02  0.0000000E+00  0.0000000E+00  0.0000000E+00
 1999 101 21:27:36   439.8      48.2    0.1666667E-01  0.1666667E-01  0.0000000E+00  0.0000000E+00  0.0000000E+00  0.6666667E-01  0.2196667E+02  0.2725000E+02  0.1778333E+02  0.0000000E+00  0.0000000E+00  0.0000000E+00
 1999 101 21:30:39   433.2      48.9    0.1666667E-01  0.0000000E+00  0.0000000E+00  0.0000000E+00  0.0000000E+00  0.5000000E-01  0.2186667E+02  0.2720000E+02  0.1683333E+02  0.0000000E+00  0.0000000E+00  0.0000000E+00
 1999 101 21:33:43   427.3      54.6    0.3333334E-01  0.0000000E+00  0.1666667E-01  0.0000000E+00  0.0000000E+00  0.5000000E-01  0.2226667E+02  0.2713333E+02  0.1755000E+02  0.0000000E+00  0.0000000E+00  0.0000000E+00
 1999 101 21:36:46   429.2      40.5    0.1666667E-01  0.5000000E-01  0.3333334E-01  0.0000000E+00  0.0000000E+00  0.1000000E+00  0.2198333E+02  0.2710000E+02  0.1758333E+02  0.0000000E+00  0.0000000E+00  0.0000000E+00
 1999 101 21:39:50   425.8      55.4    0.1666667E-01  0.1666667E-01  0.3333334E-01  0.0000000E+00  0.0000000E+00  0.1000000E+00  0.2145000E+02  0.2616667E+02  0.1750000E+02  0.0000000E+00  0.0000000E+00  0.0000000E+00
 1999 101 21:42:54   433.4      51.4    0.3333334E-01  0.0000000E+00  0.0000000E+00  0.0000000E+00  0.0000000E+00  0.5000000E-01  0.2160000E+02  0.2565000E+02  0.1756667E+02  0.0000000E+00  0.0000000E+00  0.0000000E+00
 1999 101 21:45:57   427.4      40.3    0.5000000E-01  0.0000000E+00  0.1666667E-01  0.0000000E+00  0.1666667E-01  0.8333334E-01  0.2200000E+02  0.2720000E+02  0.1790000E+02  0.0000000E+00  0.0000000E+00  0.0000000E+00
 1999 101 21:49:01   420.8      32.7    0.3333334E-01  0.0000000E+00  0.1666667E-01  0.0000000E+00  0.0000000E+00  0.6666667E-01  0.2143333E+02  0.2633333E+02  0.1828333E+02  0.0000000E+00  0.0000000E+00  0.0000000E+00
 1999 101 21:52:05   426.3      36.9    0.0000000E+00  0.3333334E-01  0.1666667E-01  0.0000000E+00  0.0000000E+00  0.6666667E-01  0.2183333E+02  0.2656667E+02  0.1786667E+02  0.0000000E+00  0.0000000E+00  0.0000000E+00
 1999 101 21:55:08   424.4      39.1    0.0000000E+00  0.1666667E-01  0.0000000E+00  0.0000000E+00  0.0000000E+00  0.3333334E-01  0.2226667E+02  0.2781667E+02  0.1700000E+02  0.0000000E+00  0.0000000E+00  0.0000000E+00
 1999 101 21:58:12   430.6      44.6    0.0000000E+00  0.1666667E-01  0.0000000E+00  0.0000000E+00  0.1666667E-01  0.3333334E-01  0.2200000E+02  0.2630000E+02  0.1728333E+02  0.0000000E+00  0.0000000E+00  0.0000000E+00
 1999 101 22:01:16   430.7      45.9    0.1666667E-01  0.0000000E+00  0.1666667E-01  0.0000000E+00  0.0000000E+00  0.6666667E-01  0.2200000E+02  0.2673333E+02  0.1755000E+02  0.0000000E+00  0.0000000E+00  0.0000000E+00
 1999 101 22:04:19   435.7      45.1    0.1666667E-01  0.1666667E-01  0.0000000E+00  0.0000000E+00  0.0000000E+00  0.3333334E-01  0.2158333E+02  0.2628333E+02  0.1766667E+02  0.0000000E+00  0.0000000E+00  0.0000000E+00
 1999 101 22:07:23   442.5      44.2    0.1666667E-01  0.0000000E+00  0.0000000E+00  0.0000000E+00  0.0000000E+00  0.3333334E-01  0.2078333E+02  0.2518333E+02  0.1750000E+02  0.0000000E+00  0.0000000E+00  0.0000000E+00
 1999 101 22:10:26   442.0      45.1    0.3333334E-01  0.5000000E-01  0.0000000E+00  0.0000000E+00  0.0000000E+00  0.1000000E+00  0.2185000E+02  0.2796667E+02  0.1810000E+02  0.0000000E+00  0.0000000E+00  0.0000000E+00
 1999 101 22:13:30   432.9      50.5    0.0000000E+00  0.5000000E-01  0.1666667E-01  0.0000000E+00  0.1666667E-01  0.6666667E-01  0.2196667E+02  0.2635000E+02  0.1803333E+02  0.0000000E+00  0.0000000E+00  0.0000000E+00
 1999 101 22:16:34   434.5      37.8    0.0000000E+00  0.1666667E-01  0.1666667E-01  0.0000000E+00  0.0000000E+00  0.3333334E-01  0.2216667E+02  0.2625000E+02  0.1720000E+02  0.0000000E+00  0.0000000E+00  0.0000000E+00
 1999 101 22:19:37   432.0      39.8    0.1666667E-01  0.1666667E-01  0.0000000E+00  0.0000000E+00  0.0000000E+00  0.5000000E-01  0.2210000E+02  0.2485000E+02  0.1743333E+02  0.0000000E+00  0.0000000E+00  0.0000000E+00
 1999 101 22:22:41   431.2      40.5    0.0000000E+00  0.1666667E-01  0.0000000E+00  0.0000000E+00  0.1666667E-01  0.1666667E-01  0.2080000E+02  0.2506667E+02  0.1820000E+02  0.0000000E+00  0.0000000E+00  0.0000000E+00
 1999 101 22:25:45   431.4      38.5    0.0000000E+00  0.0000000E+00  0.1666667E-01  0.0000000E+00  0.0000000E+00  0.1666667E-01  0.2143333E+02  0.2636667E+02  0.1783333E+02  0.0000000E+00  0.0000000E+00  0.0000000E+00
 1999 101 22:28:48   430.2      41.2    0.0000000E+00  0.0000000E+00  0.0000000E+00  0.0000000E+00  0.0000000E+00  0.0000000E+00  0.2183333E+02  0.2561667E+02  0.1726667E+02  0.0000000E+00  0.0000000E+00  0.0000000E+00
 1999 101 22:31:52   418.8      42.1    0.0000000E+00  0.3333334E-01  0.0000000E+00  0.1666667E-01  0.0000000E+00  0.3333334E-01  0.2126667E+02  0.2653333E+02  0.1756667E+02  0.0000000E+00  0.0000000E+00  0.0000000E+00
 1999 101 22:34:55   424.2      39.2    0.0000000E+00  0.5000000E-01  0.0000000E+00  0.0000000E+00  0.0000000E+00  0.5000000E-01  0.2190000E+02  0.2666667E+02  0.1720000E+02  0.0000000E+00  0.0000000E+00  0.0000000E+00
 1999 101 22:37:59   442.8      38.1    0.0000000E+00  0.0000000E+00  0.0000000E+00  0.0000000E+00  0.0000000E+00  0.1666667E-01  0.2146667E+02  0.2561667E+02  0.1703333E+02  0.0000000E+00  0.0000000E+00  0.0000000E+00
 1999 101 22:41:03   438.4      41.9    0.0000000E+00  0.0000000E+00  0.1666667E-01  0.0000000E+00  0.0000000E+00  0.1666667E-01  0.2343333E+02  0.2581667E+02  0.1853333E+02  0.0000000E+00  0.0000000E+00  0.0000000E+00
 1999 101 22:44:06   442.5      37.3    0.0000000E+00  0.1666667E-01  0.1666667E-01  0.0000000E+00  0.0000000E+00  0.6666667E-01  0.2120000E+02  0.2666667E+02  0.1705000E+02  0.0000000E+00  0.0000000E+00  0.0000000E+00
 1999 101 22:47:10   425.0      45.2    0.0000000E+00  0.1666667E-01  0.1666667E-01  0.0000000E+00  0.0000000E+00  0.5000000E-01  0.2083333E+02  0.2711667E+02  0.1700000E+02  0.0000000E+00  0.0000000E+00  0.0000000E+00
 1999 101 22:50:14   442.2      40.7    0.0000000E+00  0.0000000E+00  0.0000000E+00  0.0000000E+00  0.0000000E+00  0.0000000E+00  0.2183333E+02  0.2623333E+02  0.1798333E+02  0.0000000E+00  0.0000000E+00  0.0000000E+00
 1999 101 22:53:17   454.3      39.1    0.1666667E-01  0.0000000E+00  0.1666667E-01  0.0000000E+00  0.0000000E+00  0.5000000E-01  0.2143333E+02  0.2558333E+02  0.1715000E+02  0.0000000E+00  0.0000000E+00  0.0000000E+00
 1999 101 22:56:21   461.4      47.3    0.0000000E+00  0.0000000E+00  0.0000000E+00  0.0000000E+00  0.1666667E-01  0.0000000E+00  0.2183333E+02  0.2706667E+02  0.1763333E+02  0.0000000E+00  0.0000000E+00  0.0000000E+00
 1999 101 22:59:25   444.5      48.0    0.0000000E+00  0.0000000E+00  0.1666667E-01  0.0000000E+00  0.1666667E-01  0.1666667E-01  0.2106667E+02  0.2726667E+02  0.1638333E+02  0.0000000E+00  0.0000000E+00  0.0000000E+00
 1999 101 23:02:28   446.4      41.5    0.1666667E-01  0.1666667E-01  0.1666667E-01  0.0000000E+00  0.0000000E+00  0.1166667E+00  0.2181667E+02  0.2670000E+02  0.1865000E+02  0.0000000E+00  0.0000000E+00  0.0000000E+00
 1999 101 23:05:32   443.6      40.2    0.0000000E+00  0.1666667E-01  0.1666667E-01  0.0000000E+00  0.0000000E+00  0.5000000E-01  0.2133333E+02  0.2806667E+02  0.1855000E+02  0.0000000E+00  0.0000000E+00  0.0000000E+00
 1999 101 23:08:35   438.5      48.3    0.1666667E-01  0.1666667E-01  0.0000000E+00  0.0000000E+00  0.0000000E+00  0.5000000E-01  0.2140000E+02  0.2416667E+02  0.1665000E+02  0.0000000E+00  0.0000000E+00  0.0000000E+00
 1999 101 23:11:39   437.4      49.7    0.1666667E-01  0.0000000E+00  0.1666667E-01  0.0000000E+00  0.0000000E+00  0.5000000E-01  0.2160000E+02  0.2703333E+02  0.1748333E+02  0.0000000E+00  0.0000000E+00  0.0000000E+00
 1999 101 23:14:43   444.7      46.7    0.1666667E-01  0.3333334E-01  0.1666667E-01  0.0000000E+00  0.0000000E+00  0.6666667E-01  0.2171667E+02  0.2645000E+02  0.1738333E+02  0.0000000E+00  0.0000000E+00  0.0000000E+00
 1999 101 23:17:46   445.5      44.2    0.0000000E+00  0.0000000E+00  0.0000000E+00  0.0000000E+00  0.0000000E+00  0.6666667E-01  0.2243333E+02  0.2616667E+02  0.1715000E+02  0.0000000E+00  0.0000000E+00  0.0000000E+00
 1999 101 23:20:50   446.8      44.9    0.0000000E+00  0.0000000E+00  0.1666667E-01  0.0000000E+00  0.0000000E+00  0.3333334E-01  0.2040000E+02  0.2625000E+02  0.1710000E+02  0.0000000E+00  0.0000000E+00  0.0000000E+00
 1999 101 23:23:54   445.2      42.7    0.1666667E-01  0.0000000E+00  0.0000000E+00  0.0000000E+00  0.1666667E-01  0.3333334E-01  0.2206667E+02  0.2475000E+02  0.1700000E+02  0.0000000E+00  0.0000000E+00  0.0000000E+00
 1999 101 23:26:57   450.1      38.8    0.0000000E+00  0.0000000E+00  0.0000000E+00  0.0000000E+00  0.0000000E+00  0.0000000E+00  0.2173333E+02  0.2636667E+02  0.1718333E+02  0.0000000E+00  0.0000000E+00  0.0000000E+00
 1999 101 23:30:01   448.9      39.0    0.1666667E-01  0.0000000E+00  0.1666667E-01  0.0000000E+00  0.0000000E+00  0.3333334E-01  0.2240000E+02  0.2683333E+02  0.1725000E+02  0.0000000E+00  0.0000000E+00  0.0000000E+00
 1999 101 23:33:04   459.3      39.6    0.0000000E+00  0.0000000E+00  0.0000000E+00  0.0000000E+00  0.0000000E+00  0.3333334E-01  0.2121667E+02  0.2578333E+02  0.1716667E+02  0.0000000E+00  0.0000000E+00  0.0000000E+00
 1999 101 23:36:08   450.4      44.7    0.0000000E+00  0.0000000E+00  0.0000000E+00  0.0000000E+00  0.0000000E+00  0.1666667E-01  0.2133333E+02  0.2690000E+02  0.1653333E+02  0.0000000E+00  0.0000000E+00  0.0000000E+00
 1999 101 23:39:12   459.8      40.2    0.0000000E+00  0.3333334E-01  0.0000000E+00  0.0000000E+00  0.0000000E+00  0.5000000E-01  0.2170000E+02  0.2695000E+02  0.1728333E+02  0.0000000E+00  0.0000000E+00  0.0000000E+00
 1999 101 23:42:15   465.0      49.9    0.3333334E-01  0.0000000E+00  0.0000000E+00  0.0000000E+00  0.0000000E+00  0.5000000E-01  0.2118333E+02  0.2630000E+02  0.1666667E+02  0.0000000E+00  0.0000000E+00  0.0000000E+00
 1999 101 23:45:19   432.6      39.8    0.0000000E+00  0.0000000E+00  0.1666667E-01  0.0000000E+00  0.0000000E+00  0.3333334E-01  0.2021667E+02  0.2586667E+02  0.1758333E+02  0.0000000E+00  0.0000000E+00  0.0000000E+00
 1999 101 23:48:23   464.0      35.6    0.1666667E-01  0.0000000E+00  0.1666667E-01  0.0000000E+00  0.1666667E-01  0.5000000E-01  0.2155000E+02  0.2606667E+02  0.1721667E+02  0.0000000E+00  0.0000000E+00  0.0000000E+00
