 STICS HIGH RESOLUTION MATRIX RATES (He+2)
         Input Level 1 Filename: SMSDISK3:[WIND.L1DATA]WI_L1_SMS_19941224_V01.DAT;2
         FIFO mode is OFF    TGS mode is ON       Telemetry mode is Science mode     
========================================================================================================================================================================
                                        TELESCOPE 1                                     TELESCOPE 2                                     TELESCOPE 3
 YEAR DOY HH:MM:SC     0+1   2+3   4+5   6+7   8+9  10+11 12+13 14+15  0+1   2+3   4+5   6+7   8+9  10+11 12+13 14+15  0+1   2+3   4+5   6+7   8+9  10+11 12+13 14+15
========================================================================================================================================================================
 1994 358  6:30:09     0.00  0.00  0.00  0.00  0.00  0.00  0.00  0.00  0.00  0.03  0.00  0.00  0.00  0.03  0.00  0.00  0.00  0.00  0.03  0.00  0.00  0.00  0.00  0.03
 1994 358  6:33:21     4.00  4.25  5.25  6.75  0.75  0.50  1.50  2.25  2.75  6.00  4.50  5.25  1.50  0.75  0.75  2.75  2.75  4.25  3.75  4.50  1.75  0.75  2.00  1.75
 1994 358  6:36:33     2.75  5.50  3.25  4.00  0.25  0.00  0.50  3.00  2.75  5.00  7.00  6.25  2.25  1.50  1.75  2.75  4.00  6.50  5.00  6.75  8.25  3.25  4.00  2.75
 1994 358  6:39:45     1.75  1.25  2.25  0.75  0.25  0.00  0.00  1.25  1.75  5.50  4.50  2.75  1.00  0.75  1.50  3.00  2.25  7.50  5.75  6.75  3.75  2.50  4.25  3.00
 1994 358  6:42:56     0.00  0.00  0.00  0.00  0.00  0.00  0.00  0.00  0.00  0.25  1.25  0.75  1.00  1.00  0.00  0.00  1.50  2.25  3.25  1.00  0.00  0.00  0.25  0.25
 1994 358  6:46:08     0.00  0.00  0.00  0.00  0.00  0.00  0.00  0.00  1.00  4.00  1.50  0.00  1.00  0.50  0.00  0.00  1.00  5.00  2.50  0.00  0.00  0.00  0.00  0.25
 1994 358  6:49:20     0.00  0.00  0.00  0.00  0.00  0.00  0.00  0.00  1.00  1.25  0.75  0.50  1.25  1.25  0.00  0.00  4.75  2.75  5.50  2.75  2.00  0.00  0.75  3.50
 1994 358  6:52:32     0.75  1.00  2.75  1.00  0.00  0.00  0.50  0.00  1.25  2.50  0.50  0.75  1.00  1.25  0.50  0.00  1.25  1.75  1.50  2.00  0.00  0.75  0.25  0.75
 1994 358  6:55:44     1.00  1.00  1.75  1.75  0.50  0.25  0.50  0.75  1.25  1.25  1.75  3.00  3.00  1.25  0.00  0.50  0.75  1.50  1.25  1.25  0.00  0.25  0.25  0.50
 1994 358  6:58:56     0.00  0.50  0.25  0.50  0.00  0.75  0.25  0.00  0.00  0.25  0.00  0.25  2.75  2.25  0.00  0.00  0.00  0.00  0.25  0.00  0.00  0.00  0.00  0.00
 1994 358  7:00:00     0.00  0.00  0.00  0.00  0.00  0.00  0.00  0.00  0.00  0.00  0.08  0.00  0.23  0.08  0.00  0.00  0.00  0.00  0.00  0.00  0.00  0.00  0.00  0.00
