 STICS HIGH RESOLUTION MATRIX RATES (He+2)
         Input Level 1 Filename: SMSDISK3:[WIND.L1DATA]WI_L1_SMS_19941223_V01.DAT;2
         FIFO mode is OFF    TGS mode is ON       Telemetry mode is Science mode     
========================================================================================================================================================================
                                        TELESCOPE 1                                     TELESCOPE 2                                     TELESCOPE 3
 YEAR DOY HH:MM:SC     0+1   2+3   4+5   6+7   8+9  10+11 12+13 14+15  0+1   2+3   4+5   6+7   8+9  10+11 12+13 14+15  0+1   2+3   4+5   6+7   8+9  10+11 12+13 14+15
 1994 357 21:00:48     0.00  0.00  0.00  0.00  0.00  0.00  0.00  0.00  0.00  0.00  0.00  0.00  0.00  0.00  0.00  0.00  0.00  0.00  0.00  0.00  0.00  0.00  0.00  0.00
 1994 357 21:07:12     0.00  0.00  0.00  0.00  0.00  0.00  0.00  0.00  0.00  0.00  0.00  0.00  0.00  0.00  0.00  0.00  0.00  0.00  0.00  0.00  0.00  0.00  0.00  0.00
 1994 357 21:13:35     0.13  0.25  0.00  0.00  0.00  0.00  0.13  0.00  0.00  0.13  0.13  0.00  0.00  0.00  0.00  0.00  0.00  0.00  0.13  0.13  0.00  0.00  0.00  0.00
 1994 357 21:19:59     0.25  0.13  0.00  0.00  0.13  0.00  0.25  0.00  0.38  0.25  0.00  0.00  0.00  0.00  0.13  0.13  0.63  0.13  0.00  0.00  0.25  0.25  0.00  0.13
 1994 357 21:26:23     0.17  0.17  0.13  0.00  0.00  0.00  0.00  0.00  0.13  0.50  0.00  0.00  0.00  0.17  0.00  0.33  0.00  0.33  0.33  0.17  0.00  0.17  0.17  0.00
 1994 357 21:32:47     0.00  0.13  0.38  0.38  0.25  0.00  0.38  0.25  0.13  0.38  0.00  0.25  0.13  0.13  0.00  0.38  0.00  0.25  0.38  0.38  0.25  0.13  0.13  0.38
 1994 357 21:39:11     0.75  0.25  0.38  0.38  0.13  0.25  0.38  0.38  0.25  0.50  0.25  0.25  0.00  0.00  0.13  0.13  0.13  0.25  0.00  0.25  0.13  0.00  0.25  0.38
 1994 357 21:45:35     0.13  0.25  0.38  0.25  0.25  0.38  0.13  0.38  0.25  0.25  0.25  0.38  0.13  0.25  0.13  0.13  0.63  0.38  0.25  0.38  0.13  0.13  0.25  0.38
 1994 357 21:51:58     0.63  0.13  0.63  0.50  0.88  0.13  0.63  0.00  0.38  0.50  0.75  0.50  0.00  0.00  0.25  0.38  0.25  0.25  0.25  0.50  0.00  0.00  0.00  0.13
 1994 357 21:58:22     0.25  0.75  0.13  0.38  1.13  0.50  0.88  0.38  0.38  0.38  1.00  0.88  0.50  0.88  0.63  0.25  0.50  0.38  0.38  0.25  0.50  0.25  0.38  0.38
 1994 357 22:04:46     0.63  1.13  0.63  0.75  0.25  0.50  0.63  1.00  0.50  1.00  0.38  0.38  0.63  0.50  0.63  0.13  0.25  0.00  0.38  1.00  0.38  0.75  0.25  0.00
 1994 357 22:11:10     0.25  0.75  0.50  0.13  0.75  0.25  0.63  0.25  0.25  0.13  0.38  0.25  0.13  0.25  0.50  0.25  0.00  0.00  0.25  0.25  0.25  0.13  0.38  0.38
 1994 357 22:17:34     0.25  0.88  0.25  0.50  0.50  0.38  0.38  0.75  0.25  0.38  0.38  0.38  0.25  0.50  0.25  0.25  0.00  0.13  0.00  1.00  0.38  0.38  0.38  0.50
 1994 357 22:23:58     0.38  0.50  0.25  0.38  0.38  0.50  0.50  0.63  0.13  0.25  0.38  0.38  0.13  0.00  0.00  0.25  0.13  0.13  0.25  0.25  0.25  0.00  0.00  0.13
 1994 357 22:30:21     0.13  0.38  0.25  0.13  0.00  0.00  0.00  0.00  0.25  0.00  0.00  0.13  0.00  0.00  0.00  0.00  0.00  0.00  0.00  0.00  0.00  0.00  0.00  0.00
 1994 357 22:36:45     0.00  0.13  0.00  0.13  0.00  0.00  0.00  0.00  0.00  0.00  0.13  0.00  0.00  0.00  0.00  0.00  0.00  0.00  0.00  0.00  0.00  0.00  0.00  0.00
 1994 357 22:43:09     0.00  0.00  0.00  0.00  0.00  0.00  0.00  0.00  0.00  0.00  0.13  0.00  0.00  0.00  0.00  0.00  0.00  0.00  0.00  0.00  0.00  0.00  0.00  0.00
 1994 357 22:49:33     0.00  0.00  0.00  0.00  0.00  0.00  0.00  0.00  0.00  0.00  0.00  0.00  0.00  0.00  0.00  0.00  0.00  0.00  0.00  0.00  0.00  0.00  0.00  0.00
 1994 357 22:55:57     0.00  0.00  0.00  0.00  0.00  0.00  0.00  0.00  0.00  0.00  0.00  0.00  0.00  0.00  0.00  0.00  0.00  0.00  0.00  0.00  0.00  0.00  0.00  0.00
 1994 357 23:00:00     0.00  0.00  0.00  0.00  0.00  0.00  0.00  0.00  0.00  0.00  0.00  0.00  0.00  0.00  0.00  0.00  0.00  0.00  0.00  0.00  0.00  0.00  0.00  0.00
