 STICS SELECTED RATES
         Input Level 1 Filename: SMSDISK3:[WIND.L1DATA]WI_L1_SMS_19941224_V01.DAT;2
         FIFO mode is OFF    TGS mode is ON       Telemetry mode is Science mode     
======================================================================================================================
                                  H+(keV/e)                       He+2(keV/e)                     O+6(keV/e)
 YEAR DOY HH:MM:SC        10      31      62      113     10      31      62      113     10      31      62      113
======================================================================================================================
 1994 358  6:30:09        0.0     0.0     0.0     0.0     0.0     0.0     0.0     0.0     0.0     0.0     0.0     0.0
 1994 358  6:33:21       14.0    70.0    53.5     1.0     1.5    10.0     8.5     1.0     0.0     0.0     0.0     0.0
 1994 358  6:36:33        5.5    59.0    57.5    14.0     0.5    11.0    12.0     2.5     0.0     0.5     0.0     0.0
 1994 358  6:39:45       10.0    56.0    33.5     6.0     0.5    13.0     7.0     2.5     0.0     0.0     0.0     0.0
 1994 358  6:42:56        7.0    11.5     6.0     0.0     0.0     3.0     0.0     0.0     0.0     0.0     0.0     0.0
 1994 358  6:46:08       17.0     8.5     0.5     0.0     1.0     1.5     0.0     0.0     0.0     0.5     0.0     0.0
 1994 358  6:49:20        9.0    37.0    20.5     4.0     1.0     4.0     4.5     0.5     0.0     0.0     0.0     0.0
 1994 358  6:52:32       15.0     6.5     1.0     0.0     0.5     1.5     0.5     0.0     0.0     0.0     0.0     0.0
 1994 358  6:55:44        5.0    16.0     8.0     0.0     1.5     3.5     3.5     0.0     0.0     0.0     0.0     0.0
 1994 358  6:58:56        0.0     2.0     1.0     0.0     2.0     0.0     0.5     0.0     0.0     0.0     0.0     0.0
 1994 358  7:00:00        3.0     0.0     0.0     0.0     1.0     0.0     0.0     0.0     0.0     0.0     0.0     0.0
