 STICS SELECTED RATES
 Run time  17:49:16   10-FEB-00
         Input Level 1 Filename: SMSDISK3:[WIND.L1DATA]WI_L1_SMS_19990818_V01.DAT;1
         FIFO mode is OFF    TGS mode is OFF      Telemetry mode is Science mode     
 Time shown is the START time for each interval
 
 YEAR DOY HR:MN:SC   SPEED     UNCER           H            He2            He1            BR0            BR1            BR2          FSR12          FSR34          FSR56             O1             O6             07     
    0   0  0:00:00     0.0       0.0    0.1211538E+01  0.3846154E-01  0.5769231E-01  0.0000000E+00  0.0000000E+00  0.1365385E+01  0.3161539E+02  0.7811539E+02  0.2426923E+02  0.0000000E+00  0.0000000E+00  0.0000000E+00
 1999 230  0:02:43   378.9      53.8    0.2116667E+01  0.1500000E+00  0.8333334E-01  0.5000000E-01  0.0000000E+00  0.2616667E+01  0.3186667E+02  0.8180000E+02  0.2853333E+02  0.0000000E+00  0.1666667E-01  0.0000000E+00
 1999 230  0:05:48   414.8      69.4    0.1533333E+01  0.1666667E+00  0.1166667E+00  0.0000000E+00  0.1666667E-01  0.1983333E+01  0.2898333E+02  0.7466666E+02  0.2623333E+02  0.0000000E+00  0.0000000E+00  0.0000000E+00
 1999 230  0:08:53   373.2      59.8    0.1683333E+01  0.1833333E+00  0.5000000E-01  0.1666667E-01  0.1666667E-01  0.2083333E+01  0.2843333E+02  0.7653333E+02  0.2565000E+02  0.0000000E+00  0.0000000E+00  0.0000000E+00
 1999 230  0:11:58   366.5      80.3    0.1833333E+01  0.2000000E+00  0.6666667E-01  0.0000000E+00  0.0000000E+00  0.2233333E+01  0.3306667E+02  0.8286667E+02  0.2680000E+02  0.0000000E+00  0.0000000E+00  0.0000000E+00
 1999 230  0:15:02   328.3     122.8    0.2050000E+01  0.2166667E+00  0.1166667E+00  0.0000000E+00  0.0000000E+00  0.2583333E+01  0.3786666E+02  0.1055667E+03  0.2863333E+02  0.0000000E+00  0.0000000E+00  0.0000000E+00
 1999 230  0:18:07   355.8      99.7    0.3633333E+01  0.3500000E+00  0.1000000E+00  0.0000000E+00  0.0000000E+00  0.4516667E+01  0.4566667E+02  0.1524667E+03  0.2918333E+02  0.0000000E+00  0.0000000E+00  0.0000000E+00
 1999 230  0:21:12   375.1     107.4    0.4033333E+01  0.5000000E+00  0.1333333E+00  0.0000000E+00  0.0000000E+00  0.4983333E+01  0.4361666E+02  0.1572667E+03  0.2810000E+02  0.0000000E+00  0.0000000E+00  0.0000000E+00
 1999 230  0:24:17   386.0      98.9    0.3400000E+01  0.3166667E+00  0.5000000E-01  0.0000000E+00  0.0000000E+00  0.4066667E+01  0.3950000E+02  0.1445000E+03  0.2711667E+02  0.0000000E+00  0.0000000E+00  0.0000000E+00
 1999 230  0:27:22   362.5     110.7    0.3183333E+01  0.2000000E+00  0.5000000E-01  0.1666667E-01  0.1666667E-01  0.3700000E+01  0.3733333E+02  0.1280333E+03  0.2711667E+02  0.0000000E+00  0.0000000E+00  0.0000000E+00
 1999 230  0:30:27   383.8     105.8    0.3016667E+01  0.4500000E+00  0.8333334E-01  0.1666667E-01  0.0000000E+00  0.3916667E+01  0.3590000E+02  0.1214333E+03  0.2806667E+02  0.0000000E+00  0.0000000E+00  0.0000000E+00
 1999 230  0:33:32   374.2      84.0    0.2433333E+01  0.1666667E+00  0.1166667E+00  0.0000000E+00  0.1666667E-01  0.3100000E+01  0.3220000E+02  0.1028333E+03  0.2543333E+02  0.0000000E+00  0.0000000E+00  0.0000000E+00
 1999 230  0:36:36   394.6      58.1    0.2050000E+01  0.2000000E+00  0.3333334E-01  0.1666667E-01  0.0000000E+00  0.2400000E+01  0.3113333E+02  0.9363333E+02  0.2570000E+02  0.0000000E+00  0.0000000E+00  0.0000000E+00
 1999 230  0:39:41   397.3      63.9    0.1483333E+01  0.1833333E+00  0.8333334E-01  0.1666667E-01  0.0000000E+00  0.1950000E+01  0.2955000E+02  0.7483334E+02  0.2640000E+02  0.0000000E+00  0.0000000E+00  0.0000000E+00
 1999 230  0:42:46   394.2      65.3    0.1600000E+01  0.1500000E+00  0.3333334E-01  0.1666667E-01  0.0000000E+00  0.1933333E+01  0.3038333E+02  0.8243333E+02  0.2610000E+02  0.0000000E+00  0.0000000E+00  0.0000000E+00
 1999 230  0:45:51   384.7      72.8    0.1333333E+01  0.1666667E+00  0.1000000E+00  0.1666667E-01  0.0000000E+00  0.1850000E+01  0.3185000E+02  0.7833334E+02  0.2790000E+02  0.0000000E+00  0.0000000E+00  0.0000000E+00
 1999 230  0:48:56   361.6      97.5    0.1566667E+01  0.3333333E+00  0.1166667E+00  0.0000000E+00  0.0000000E+00  0.2333333E+01  0.3316667E+02  0.8006667E+02  0.2838333E+02  0.0000000E+00  0.0000000E+00  0.0000000E+00
 1999 230  0:52:01   378.0      58.6    0.2000000E+01  0.2166667E+00  0.1166667E+00  0.0000000E+00  0.0000000E+00  0.2583333E+01  0.3683333E+02  0.8578333E+02  0.2890000E+02  0.0000000E+00  0.0000000E+00  0.0000000E+00
 1999 230  0:55:06   361.3      69.8    0.1900000E+01  0.2333333E+00  0.3333334E-01  0.1666667E-01  0.1666667E-01  0.2333333E+01  0.3546667E+02  0.9770000E+02  0.2983333E+02  0.0000000E+00  0.0000000E+00  0.0000000E+00
 1999 230  0:58:11   368.8      80.2    0.2333333E+01  0.3500000E+00  0.6666667E-01  0.0000000E+00  0.0000000E+00  0.2883333E+01  0.3086667E+02  0.9010000E+02  0.2721667E+02  0.0000000E+00  0.0000000E+00  0.0000000E+00
 1999 230  1:01:15   370.2      96.9    0.2216667E+01  0.5666667E+00  0.8333334E-01  0.3333334E-01  0.0000000E+00  0.3083333E+01  0.3130000E+02  0.1001667E+03  0.2200000E+02  0.0000000E+00  0.1666667E-01  0.1666667E-01
 1999 230  1:04:20   508.9      23.6    0.1650000E+01  0.3833333E+00  0.1666667E-01  0.0000000E+00  0.1666667E-01  0.2366667E+01  0.3043333E+02  0.8666666E+02  0.1971667E+02  0.0000000E+00  0.0000000E+00  0.0000000E+00
 1999 230  1:07:25   404.5      83.5    0.3366667E+01  0.3000000E+00  0.3333334E-01  0.0000000E+00  0.0000000E+00  0.3900000E+01  0.3750000E+02  0.8890000E+02  0.2171667E+02  0.0000000E+00  0.0000000E+00  0.0000000E+00
 1999 230  1:10:30   404.7      69.0    0.1833333E+01  0.3000000E+00  0.1666667E-01  0.1666667E-01  0.3333334E-01  0.2333333E+01  0.3273333E+02  0.7290000E+02  0.2313333E+02  0.0000000E+00  0.0000000E+00  0.0000000E+00
 1999 230  1:13:35   395.6      63.8    0.1116667E+01  0.2500000E+00  0.0000000E+00  0.0000000E+00  0.5000000E-01  0.1516667E+01  0.2633333E+02  0.6206667E+02  0.2290000E+02  0.1666667E-01  0.0000000E+00  0.0000000E+00
 1999 230  1:16:40   392.3      58.6    0.1283333E+01  0.2333333E+00  0.3333334E-01  0.0000000E+00  0.1666667E-01  0.1766667E+01  0.2638333E+02  0.6040000E+02  0.2301667E+02  0.0000000E+00  0.0000000E+00  0.0000000E+00
 1999 230  1:19:44   405.5      65.1    0.1283333E+01  0.1666667E+00  0.0000000E+00  0.0000000E+00  0.0000000E+00  0.1583333E+01  0.2623333E+02  0.6096667E+02  0.2168333E+02  0.0000000E+00  0.0000000E+00  0.0000000E+00
 1999 230  1:22:50     0.0       0.0    0.1340000E+01  0.2000000E+00  0.4000000E-01  0.0000000E+00  0.0000000E+00  0.1760000E+01  0.2772000E+02  0.6308000E+02  0.2410000E+02  0.0000000E+00  0.0000000E+00  0.0000000E+00
 1999 230  1:25:54   398.4      62.9    0.2033333E+01  0.2166667E+00  0.3333334E-01  0.0000000E+00  0.0000000E+00  0.2483333E+01  0.3020000E+02  0.7816666E+02  0.2345000E+02  0.0000000E+00  0.0000000E+00  0.0000000E+00
 1999 230  1:28:59   402.0      73.8    0.2933333E+01  0.2333333E+00  0.0000000E+00  0.0000000E+00  0.0000000E+00  0.3500000E+01  0.2833333E+02  0.8536667E+02  0.2928333E+02  0.0000000E+00  0.0000000E+00  0.0000000E+00
 1999 230  1:32:04   408.0      48.4    0.2766667E+01  0.3500000E+00  0.6666667E-01  0.1666667E-01  0.0000000E+00  0.3383333E+01  0.2723333E+02  0.8153333E+02  0.3183333E+02  0.0000000E+00  0.0000000E+00  0.0000000E+00
 1999 230  1:35:09   375.5      65.2    0.3283333E+01  0.3000000E+00  0.5000000E-01  0.0000000E+00  0.0000000E+00  0.3816667E+01  0.3160000E+02  0.9026667E+02  0.2935000E+02  0.0000000E+00  0.0000000E+00  0.0000000E+00
 1999 230  1:38:14   383.4      67.9    0.2716667E+01  0.2666667E+00  0.0000000E+00  0.0000000E+00  0.1666667E-01  0.3233333E+01  0.3660000E+02  0.7410000E+02  0.2146667E+02  0.0000000E+00  0.0000000E+00  0.0000000E+00
 1999 230  1:41:19   415.9      73.0    0.2700000E+01  0.3500000E+00  0.0000000E+00  0.0000000E+00  0.1333333E+00  0.3383333E+01  0.4066667E+02  0.8153333E+02  0.2260000E+02  0.1000000E+00  0.0000000E+00  0.0000000E+00
 1999 230  1:44:23   405.7      88.5    0.3416667E+01  0.5500000E+00  0.3333334E-01  0.1666667E-01  0.1166667E+00  0.4250000E+01  0.4323333E+02  0.8660000E+02  0.2396667E+02  0.6666667E-01  0.0000000E+00  0.0000000E+00
 1999 230  1:47:28   485.1      69.6    0.1550000E+01  0.8166667E+00  0.6666667E-01  0.3333334E-01  0.5000000E-01  0.2716667E+01  0.2768333E+02  0.9216666E+02  0.2313333E+02  0.1666667E-01  0.0000000E+00  0.1666667E-01
 1999 230  1:50:33   431.8     100.0    0.2216667E+01  0.9166667E+00  0.8333334E-01  0.6666667E-01  0.6666667E-01  0.3516667E+01  0.3513334E+02  0.1056000E+03  0.2116667E+02  0.5000000E-01  0.0000000E+00  0.0000000E+00
 1999 230  1:53:38   432.9     103.1    0.2183333E+01  0.7333333E+00  0.0000000E+00  0.8333334E-01  0.2833333E+00  0.3100000E+01  0.3166667E+02  0.9880000E+02  0.2240000E+02  0.1833333E+00  0.0000000E+00  0.0000000E+00
 1999 230  1:56:43   467.5     121.5    0.1883333E+01  0.9166667E+00  0.6666667E-01  0.6666667E-01  0.5000000E-01  0.3250000E+01  0.2506667E+02  0.1177333E+03  0.2111667E+02  0.0000000E+00  0.1666667E-01  0.0000000E+00
 1999 230  1:59:48   432.0     126.0    0.2033333E+01  0.1050000E+01  0.8333334E-01  0.0000000E+00  0.0000000E+00  0.3466667E+01  0.2696667E+02  0.1152000E+03  0.2075000E+02  0.0000000E+00  0.0000000E+00  0.0000000E+00
 1999 230  2:02:53   553.5      40.3    0.1850000E+01  0.8333333E+00  0.1000000E+00  0.1666667E-01  0.0000000E+00  0.3050000E+01  0.2996667E+02  0.1113333E+03  0.2308333E+02  0.0000000E+00  0.0000000E+00  0.0000000E+00
 1999 230  2:05:58   408.5      89.7    0.2333333E+01  0.7666667E+00  0.5000000E-01  0.3333334E-01  0.0000000E+00  0.3550000E+01  0.3008333E+02  0.1079667E+03  0.2120000E+02  0.0000000E+00  0.0000000E+00  0.1666667E-01
 1999 230  2:09:02   436.7      99.3    0.2050000E+01  0.8833333E+00  0.0000000E+00  0.1666667E-01  0.1666667E-01  0.3183333E+01  0.2973333E+02  0.1071667E+03  0.2325000E+02  0.0000000E+00  0.0000000E+00  0.0000000E+00
 1999 230  2:12:07   419.7      86.5    0.2450000E+01  0.6000000E+00  0.8333334E-01  0.5000000E-01  0.1666667E-01  0.3350000E+01  0.3058333E+02  0.1080000E+03  0.2626667E+02  0.0000000E+00  0.0000000E+00  0.0000000E+00
 1999 230  2:15:12   412.4      93.1    0.2650000E+01  0.6500000E+00  0.5000000E-01  0.6666667E-01  0.0000000E+00  0.3550000E+01  0.3256667E+02  0.1128333E+03  0.3018333E+02  0.0000000E+00  0.1666667E-01  0.0000000E+00
 1999 230  2:18:17   425.3      83.7    0.2100000E+01  0.8166667E+00  0.6666667E-01  0.3333334E-01  0.1666667E-01  0.3266667E+01  0.3093333E+02  0.1128000E+03  0.3063333E+02  0.0000000E+00  0.0000000E+00  0.0000000E+00
 1999 230  2:21:22   397.2     115.4    0.2133333E+01  0.5500000E+00  0.1166667E+00  0.8333334E-01  0.6666667E-01  0.3033333E+01  0.3316667E+02  0.9416666E+02  0.3128333E+02  0.1666667E-01  0.1666667E-01  0.0000000E+00
 1999 230  2:24:27   421.3      90.5    0.2400000E+01  0.6833333E+00  0.8333334E-01  0.8333334E-01  0.0000000E+00  0.3583333E+01  0.3388334E+02  0.1020667E+03  0.2858333E+02  0.0000000E+00  0.0000000E+00  0.0000000E+00
 1999 230  2:27:32   405.9      64.3    0.4033333E+01  0.4833333E+00  0.0000000E+00  0.3333334E-01  0.3333334E-01  0.4866667E+01  0.4513334E+02  0.1083000E+03  0.3205000E+02  0.3333334E-01  0.0000000E+00  0.0000000E+00
 1999 230  2:30:37   411.6      74.1    0.4450000E+01  0.6000000E+00  0.5000000E-01  0.1666667E-01  0.5000000E-01  0.5483333E+01  0.4736666E+02  0.1037333E+03  0.3588334E+02  0.3333334E-01  0.0000000E+00  0.0000000E+00
 1999 230  2:33:41   409.1      99.5    0.3950000E+01  0.5000000E+00  0.5000000E-01  0.1666667E-01  0.1500000E+00  0.4850000E+01  0.5073333E+02  0.1081667E+03  0.3041667E+02  0.5000000E-01  0.0000000E+00  0.0000000E+00
 1999 230  2:36:46   396.0      89.6    0.2816667E+01  0.2833333E+00  0.6666667E-01  0.1666667E-01  0.1500000E+00  0.3383333E+01  0.3930000E+02  0.9273333E+02  0.2548333E+02  0.1000000E+00  0.0000000E+00  0.0000000E+00
 1999 230  2:39:51   417.9      72.3    0.2450000E+01  0.6333333E+00  0.0000000E+00  0.1666667E-01  0.3833333E+00  0.3250000E+01  0.3513334E+02  0.7906667E+02  0.2633333E+02  0.1666667E+00  0.0000000E+00  0.0000000E+00
 1999 230  2:42:56   422.9      61.8    0.7300000E+01  0.4666667E+00  0.1000000E+00  0.3333334E-01  0.6166667E+00  0.8383333E+01  0.4786666E+02  0.1160000E+03  0.3443333E+02  0.2500000E+00  0.0000000E+00  0.0000000E+00
 1999 230  2:46:01   429.7      76.5    0.1966667E+01  0.4500000E+00  0.1666667E-01  0.0000000E+00  0.7500000E+00  0.2616667E+01  0.3036667E+02  0.8033334E+02  0.2996667E+02  0.5500000E+00  0.0000000E+00  0.0000000E+00
 1999 230  2:49:06   438.4      87.7    0.3650000E+01  0.5833333E+00  0.8333334E-01  0.3333334E-01  0.8333333E+00  0.4616667E+01  0.3320000E+02  0.9353333E+02  0.3021667E+02  0.5166667E+00  0.0000000E+00  0.0000000E+00
 1999 230  2:52:11   422.6      94.3    0.2133333E+01  0.4333333E+00  0.1000000E+00  0.3333334E-01  0.1033333E+01  0.2816667E+01  0.2943333E+02  0.7133334E+02  0.2913333E+02  0.3500000E+00  0.0000000E+00  0.0000000E+00
 1999 230  2:55:15   564.3      26.6    0.1336667E+02  0.6333333E+00  0.3000000E+00  0.5000000E-01  0.1883333E+01  0.1490000E+02  0.8520000E+02  0.1438000E+03  0.5070000E+02  0.7500000E+00  0.0000000E+00  0.0000000E+00
 1999 230  2:58:20     0.0       0.0    0.1118333E+02  0.7000000E+00  0.2333333E+00  0.8333334E-01  0.1566667E+01  0.1275000E+02  0.6716666E+02  0.1498000E+03  0.5973333E+02  0.6500000E+00  0.1666667E-01  0.0000000E+00
 1999 230  3:01:25   310.7     128.6    0.1860000E+02  0.7666667E+00  0.2833333E+00  0.3333334E-01  0.1066667E+01  0.2051667E+02  0.1008667E+03  0.2253333E+03  0.9056667E+02  0.4666667E+00  0.3333334E-01  0.0000000E+00
 1999 230  3:04:30   412.5      21.9    0.1795000E+02  0.1000000E+01  0.1833333E+00  0.6666667E-01  0.1550000E+01  0.2003333E+02  0.1031333E+03  0.2112667E+03  0.1203000E+03  0.5166667E+00  0.0000000E+00  0.0000000E+00
 1999 230  3:07:35   456.7      29.7    0.2531667E+02  0.1133333E+01  0.3000000E+00  0.3333334E-01  0.3233333E+01  0.2786667E+02  0.1734667E+03  0.2422667E+03  0.1332667E+03  0.7666667E+00  0.1666667E-01  0.0000000E+00
 1999 230  3:10:40     0.0       0.0    0.1795000E+02  0.1016667E+01  0.1666667E+00  0.6666667E-01  0.2383333E+01  0.1970000E+02  0.1208667E+03  0.2045333E+03  0.8880000E+02  0.6666667E+00  0.3333334E-01  0.0000000E+00
 1999 230  3:13:44   403.2      22.5    0.2268333E+02  0.1016667E+01  0.2666667E+00  0.1000000E+00  0.2350000E+01  0.2480000E+02  0.1128000E+03  0.2197333E+03  0.1266000E+03  0.7333333E+00  0.0000000E+00  0.0000000E+00
 1999 230  3:16:50   654.5      17.9    0.2538333E+02  0.1016667E+01  0.1333333E+00  0.6666667E-01  0.2266667E+01  0.2756667E+02  0.1254000E+03  0.2230000E+03  0.1943667E+03  0.4666667E+00  0.0000000E+00  0.0000000E+00
 1999 230  3:19:54   685.6      34.0    0.4398333E+02  0.1000000E+01  0.3333333E+00  0.6666667E-01  0.2366667E+01  0.4675000E+02  0.2868667E+03  0.2922667E+03  0.2458000E+03  0.6000000E+00  0.1666667E-01  0.0000000E+00
 1999 230  3:22:59   772.6      47.1    0.3336666E+02  0.8166667E+00  0.2666667E+00  0.3333334E-01  0.3000000E+01  0.3558333E+02  0.2312667E+03  0.2399333E+03  0.1880000E+03  0.8333333E+00  0.1666667E-01  0.0000000E+00
 1999 230  3:26:04   448.5      36.7    0.3410000E+02  0.7166666E+00  0.2833333E+00  0.8333334E-01  0.2133333E+01  0.3641667E+02  0.2290000E+03  0.2084667E+03  0.1834000E+03  0.6166667E+00  0.1666667E-01  0.0000000E+00
 1999 230  3:29:09   410.4      23.1    0.3691667E+02  0.1000000E+01  0.2000000E+00  0.5000000E-01  0.2200000E+01  0.3950000E+02  0.2159333E+03  0.2381333E+03  0.2261000E+03  0.3166667E+00  0.0000000E+00  0.0000000E+00
 1999 230  3:32:14   643.9     116.1    0.2036667E+02  0.4000000E+00  0.2000000E+00  0.1666667E-01  0.1816667E+01  0.2176667E+02  0.1550667E+03  0.1558667E+03  0.1116000E+03  0.4666667E+00  0.0000000E+00  0.0000000E+00
 1999 230  3:35:19     0.0       0.0    0.2448333E+02  0.8500000E+00  0.1500000E+00  0.6666667E-01  0.2616667E+01  0.2645000E+02  0.1695333E+03  0.1813333E+03  0.1509667E+03  0.4666667E+00  0.0000000E+00  0.0000000E+00
 1999 230  3:38:23   435.1      12.7    0.1740000E+02  0.5333334E+00  0.1000000E+00  0.8333334E-01  0.1700000E+01  0.1885000E+02  0.1190000E+03  0.1516667E+03  0.1355333E+03  0.3833333E+00  0.0000000E+00  0.0000000E+00
 1999 230  3:41:29     0.0       0.0    0.1848333E+02  0.7833334E+00  0.3000000E+00  0.5000000E-01  0.1300000E+01  0.2025000E+02  0.1396667E+03  0.1517333E+03  0.1351000E+03  0.3500000E+00  0.1666667E-01  0.0000000E+00
 1999 230  3:44:33     0.0       0.0    0.3398333E+02  0.7500000E+00  0.1833333E+00  0.0000000E+00  0.1700000E+01  0.3623333E+02  0.2504000E+03  0.2026667E+03  0.1730667E+03  0.4500000E+00  0.0000000E+00  0.0000000E+00
 1999 230  3:47:38   383.4      10.1    0.3606667E+02  0.8666667E+00  0.2166667E+00  0.1666667E-01  0.2750000E+01  0.3815000E+02  0.2340667E+03  0.2085333E+03  0.2109333E+03  0.6500000E+00  0.0000000E+00  0.0000000E+00
 1999 230  3:50:43   686.6      16.5    0.4510000E+02  0.1100000E+01  0.4000000E+00  0.6666667E-01  0.3633333E+01  0.4820000E+02  0.2924667E+03  0.2696000E+03  0.2404000E+03  0.1100000E+01  0.0000000E+00  0.0000000E+00
 1999 230  3:53:48   523.4      59.1    0.3395000E+02  0.7000000E+00  0.2000000E+00  0.0000000E+00  0.2616667E+01  0.3588334E+02  0.3037333E+03  0.1899333E+03  0.1353000E+03  0.8500000E+00  0.0000000E+00  0.0000000E+00
 1999 230  3:56:53     0.0       0.0    0.2656667E+02  0.4833333E+00  0.1000000E+00  0.0000000E+00  0.2216667E+01  0.2790000E+02  0.2008667E+03  0.1982667E+03  0.1660000E+03  0.5000000E+00  0.0000000E+00  0.0000000E+00
 1999 230  3:59:58     0.0       0.0    0.2888333E+02  0.5000000E+00  0.2000000E+00  0.5000000E-01  0.1583333E+01  0.3081667E+02  0.1926000E+03  0.2012000E+03  0.1920667E+03  0.4166667E+00  0.1666667E-01  0.0000000E+00
 1999 230  4:03:02   734.5      23.1    0.2536667E+02  0.5666667E+00  0.2166667E+00  0.3333334E-01  0.2800000E+01  0.2711667E+02  0.1448333E+03  0.2120000E+03  0.1783000E+03  0.4000000E+00  0.0000000E+00  0.0000000E+00
 1999 230  4:06:08   400.3      32.2    0.2750000E+02  0.6000000E+00  0.1333333E+00  0.3333334E-01  0.2333333E+01  0.2940000E+02  0.1664000E+03  0.2209333E+03  0.1662333E+03  0.4833333E+00  0.1666667E-01  0.0000000E+00
 1999 230  4:09:12     0.0       0.0    0.1768333E+02  0.1050000E+01  0.8333334E-01  0.0000000E+00  0.2050000E+01  0.1968333E+02  0.9550000E+02  0.2336667E+03  0.1409167E+03  0.2833333E+00  0.0000000E+00  0.0000000E+00
 1999 230  4:12:17   406.4     115.0    0.1010000E+02  0.8833333E+00  0.2666667E+00  0.1666667E-01  0.8666667E+00  0.1195000E+02  0.7086667E+02  0.1302000E+03  0.8730000E+02  0.1333333E+00  0.1666667E-01  0.0000000E+00
 1999 230  4:15:22   365.4      59.4    0.8666667E+00  0.1500000E+00  0.3333334E-01  0.0000000E+00  0.4666667E+00  0.1183333E+01  0.2826667E+02  0.4843333E+02  0.3395000E+02  0.3333334E-01  0.0000000E+00  0.0000000E+00
 1999 230  4:18:27   413.0      88.8    0.1500000E+00  0.5000000E-01  0.0000000E+00  0.0000000E+00  0.2000000E+00  0.2166667E+00  0.2210000E+02  0.3583333E+02  0.2045000E+02  0.1666667E-01  0.0000000E+00  0.0000000E+00
 1999 230  4:21:32   565.5      66.9    0.7800000E+01  0.4000000E+00  0.1666667E-01  0.1666667E-01  0.2666667E+00  0.8500000E+01  0.7193333E+02  0.8453333E+02  0.6270000E+02  0.5000000E-01  0.0000000E+00  0.0000000E+00
 1999 230  4:24:37   362.8      18.4    0.2821667E+02  0.9833333E+00  0.1000000E+00  0.6666667E-01  0.1050000E+01  0.3038333E+02  0.2190667E+03  0.1906000E+03  0.1461000E+03  0.2333333E+00  0.0000000E+00  0.0000000E+00
 1999 230  4:27:41     0.0       0.0    0.4818333E+02  0.1216667E+01  0.1500000E+00  0.6666667E-01  0.8666667E+00  0.5083333E+02  0.3477667E+03  0.2772000E+03  0.2563333E+03  0.1666667E+00  0.0000000E+00  0.0000000E+00
 1999 230  4:30:46     0.0       0.0    0.3828333E+02  0.9833333E+00  0.2166667E+00  0.5000000E-01  0.9166667E+00  0.4123333E+02  0.2362667E+03  0.2462667E+03  0.2839000E+03  0.2000000E+00  0.5000000E-01  0.0000000E+00
 1999 230  4:33:51     0.0       0.0    0.3621667E+02  0.1016667E+01  0.1333333E+00  0.5000000E-01  0.1066667E+01  0.3845000E+02  0.2250333E+03  0.2338667E+03  0.2307333E+03  0.2166667E+00  0.0000000E+00  0.0000000E+00
 1999 230  4:36:56     0.0       0.0    0.1391667E+02  0.4166667E+00  0.5000000E-01  0.1666667E-01  0.9333333E+00  0.1493333E+02  0.1035667E+03  0.1097333E+03  0.1275333E+03  0.3000000E+00  0.1666667E-01  0.0000000E+00
 1999 230  4:40:01     0.0       0.0    0.1260000E+02  0.4833333E+00  0.5000000E-01  0.6666667E-01  0.7500000E+00  0.1376667E+02  0.1243667E+03  0.8920000E+02  0.7933334E+02  0.2666667E+00  0.3333334E-01  0.0000000E+00
 1999 230  4:43:06     0.0       0.0    0.2295000E+02  0.5500000E+00  0.1000000E+00  0.5000000E-01  0.5666667E+00  0.2453333E+02  0.1360333E+03  0.1649333E+03  0.1969333E+03  0.1833333E+00  0.3333334E-01  0.0000000E+00
 1999 230  4:46:11     0.0       0.0    0.2548333E+02  0.7833334E+00  0.5000000E-01  0.0000000E+00  0.5333334E+00  0.2730000E+02  0.1859333E+03  0.1666667E+03  0.1787333E+03  0.3333334E-01  0.0000000E+00  0.0000000E+00
 1999 230  4:49:16     0.0       0.0    0.1801667E+02  0.7833334E+00  0.3333334E-01  0.1666667E-01  0.1433333E+01  0.1948333E+02  0.1639000E+03  0.1542000E+03  0.1503333E+03  0.2333333E+00  0.0000000E+00  0.0000000E+00
 1999 230  4:52:20     0.0       0.0    0.4601667E+02  0.1116667E+01  0.2166667E+00  0.3333334E-01  0.2400000E+01  0.4881667E+02  0.2873667E+03  0.2988667E+03  0.2799833E+03  0.3666667E+00  0.3333334E-01  0.0000000E+00
 1999 230  4:55:25     0.0       0.0    0.2105000E+02  0.1250000E+01  0.1333333E+00  0.0000000E+00  0.1883333E+01  0.2343333E+02  0.2015000E+03  0.1680667E+03  0.1318333E+03  0.3500000E+00  0.0000000E+00  0.0000000E+00
 1999 230  4:58:30   382.9      41.5    0.7300000E+01  0.5000000E+00  0.1500000E+00  0.5000000E-01  0.1733333E+01  0.8383333E+01  0.8873333E+02  0.1407667E+03  0.8376667E+02  0.8333334E-01  0.1666667E-01  0.0000000E+00
 1999 230  5:01:35   696.9      21.0    0.2650000E+01  0.4333333E+00  0.0000000E+00  0.1666667E-01  0.7833334E+00  0.3400000E+01  0.3393333E+02  0.8743333E+02  0.5161666E+02  0.5000000E-01  0.0000000E+00  0.0000000E+00
 1999 230  5:04:40     0.0       0.0    0.6000000E+00  0.6666667E-01  0.1666667E-01  0.0000000E+00  0.3000000E+00  0.7500000E+00  0.3373333E+02  0.4356667E+02  0.2610000E+02  0.3333334E-01  0.0000000E+00  0.0000000E+00
 1999 230  5:07:45     0.0       0.0    0.1215000E+02  0.3333333E+00  0.0000000E+00  0.3333334E-01  0.9500000E+00  0.1301667E+02  0.1516333E+03  0.1132667E+03  0.1058667E+03  0.2166667E+00  0.1666667E-01  0.0000000E+00
 1999 230  5:10:50   451.1     117.3    0.4040000E+02  0.1516667E+01  0.1333333E+00  0.8333334E-01  0.1416667E+01  0.4373333E+02  0.2571333E+03  0.2533333E+03  0.2858000E+03  0.3166667E+00  0.3333334E-01  0.0000000E+00
 1999 230  5:13:54   401.6     114.0    0.3983333E+02  0.1583333E+01  0.1666667E+00  0.2000000E+00  0.2083333E+01  0.4306667E+02  0.2725667E+03  0.2360667E+03  0.2250667E+03  0.3500000E+00  0.6666667E-01  0.0000000E+00
 1999 230  5:16:59     0.0       0.0    0.4175000E+02  0.1883333E+01  0.1333333E+00  0.6666667E-01  0.2083333E+01  0.4541667E+02  0.2905667E+03  0.2304000E+03  0.2575000E+03  0.6500000E+00  0.0000000E+00  0.0000000E+00
 1999 230  5:20:04   433.2     147.8    0.2511667E+02  0.1066667E+01  0.1666667E+00  0.3333334E-01  0.1833333E+01  0.2741667E+02  0.1774000E+03  0.1804667E+03  0.1916833E+03  0.3333333E+00  0.1666667E-01  0.0000000E+00
 1999 230  5:23:09     0.0       0.0    0.2600000E+01  0.1833333E+00  0.1666667E-01  0.0000000E+00  0.7833334E+00  0.2950000E+01  0.4176667E+02  0.7086667E+02  0.5796667E+02  0.8333334E-01  0.0000000E+00  0.0000000E+00
 1999 230  5:26:14   366.6     140.2    0.8833333E+00  0.5000000E-01  0.1666667E-01  0.0000000E+00  0.2000000E+00  0.1016667E+01  0.3146667E+02  0.4783333E+02  0.3046667E+02  0.0000000E+00  0.0000000E+00  0.0000000E+00
 1999 230  5:29:19     0.0       0.0    0.8500000E+00  0.1833333E+00  0.1666667E-01  0.0000000E+00  0.3500000E+00  0.1233333E+01  0.3436666E+02  0.4836666E+02  0.2948333E+02  0.1666667E-01  0.0000000E+00  0.0000000E+00
 1999 230  5:32:23     0.0       0.0    0.1711538E+01  0.1346154E+00  0.1923077E-01  0.0000000E+00  0.6538461E+00  0.2019231E+01  0.3726923E+02  0.6007692E+02  0.4250000E+02  0.1730769E+00  0.0000000E+00  0.0000000E+00
 1999 230  5:35:29     0.0       0.0    0.1016667E+01  0.5000000E-01  0.1666667E-01  0.0000000E+00  0.1350000E+01  0.1183333E+01  0.4843333E+02  0.4383333E+02  0.3035000E+02  0.4333333E+00  0.0000000E+00  0.0000000E+00
 1999 230  5:38:33   367.3      78.1    0.7833334E+00  0.3333334E-01  0.3333334E-01  0.0000000E+00  0.8666667E+00  0.9000000E+00  0.4226667E+02  0.4686666E+02  0.2750000E+02  0.1500000E+00  0.0000000E+00  0.0000000E+00
 1999 230  5:41:38     0.0       0.0    0.5833333E+00  0.5000000E-01  0.1666667E-01  0.1666667E-01  0.2666667E+00  0.6833333E+00  0.2946667E+02  0.4316667E+02  0.2543333E+02  0.0000000E+00  0.0000000E+00  0.0000000E+00
 1999 230  5:44:43   333.7     145.6    0.1666667E+00  0.1666667E-01  0.0000000E+00  0.0000000E+00  0.1666667E+00  0.2000000E+00  0.2533333E+02  0.3320000E+02  0.1781667E+02  0.0000000E+00  0.0000000E+00  0.0000000E+00
 1999 230  5:47:48   315.0     128.7    0.1333333E+00  0.1666667E-01  0.0000000E+00  0.0000000E+00  0.1666667E-01  0.1500000E+00  0.2266667E+02  0.2533333E+02  0.1891667E+02  0.0000000E+00  0.0000000E+00  0.0000000E+00
 1999 230  5:50:53     0.0       0.0    0.1000000E+00  0.0000000E+00  0.0000000E+00  0.0000000E+00  0.0000000E+00  0.1000000E+00  0.2220000E+02  0.2483333E+02  0.1743333E+02  0.0000000E+00  0.0000000E+00  0.0000000E+00
 1999 230  5:53:58   353.7     107.8    0.3333334E-01  0.0000000E+00  0.0000000E+00  0.0000000E+00  0.1666667E-01  0.5000000E-01  0.2296667E+02  0.2773333E+02  0.1850000E+02  0.0000000E+00  0.0000000E+00  0.0000000E+00
 1999 230  5:57:02     0.0       0.0    0.1166667E+00  0.0000000E+00  0.0000000E+00  0.0000000E+00  0.1666667E-01  0.1333333E+00  0.2173333E+02  0.3030000E+02  0.2010000E+02  0.0000000E+00  0.0000000E+00  0.0000000E+00
 1999 230  6:00:08   416.8      70.6    0.4000000E+00  0.1666667E-01  0.0000000E+00  0.0000000E+00  0.1666667E-01  0.4333333E+00  0.2600000E+02  0.2813333E+02  0.1771667E+02  0.0000000E+00  0.0000000E+00  0.0000000E+00
 1999 230  6:03:12   475.0      33.7    0.8666667E+00  0.5000000E-01  0.1666667E-01  0.0000000E+00  0.1666667E-01  0.9833333E+00  0.3421667E+02  0.3403333E+02  0.1941667E+02  0.0000000E+00  0.0000000E+00  0.0000000E+00
 1999 230  6:06:17   572.2      42.4    0.6516667E+01  0.2333333E+00  0.3333334E-01  0.1666667E-01  0.1716667E+01  0.7050000E+01  0.7830000E+02  0.7326667E+02  0.6533334E+02  0.7833334E+00  0.1666667E-01  0.0000000E+00
 1999 230  6:09:22   476.7      96.1    0.6766667E+01  0.3500000E+00  0.6666667E-01  0.0000000E+00  0.1333333E+01  0.7433333E+01  0.5726667E+02  0.8013333E+02  0.8736667E+02  0.6500000E+00  0.0000000E+00  0.0000000E+00
 1999 230  6:12:27   398.9      13.2    0.5500000E+00  0.1166667E+00  0.3333334E-01  0.0000000E+00  0.4666667E+00  0.7666667E+00  0.2363333E+02  0.4470000E+02  0.3130000E+02  0.8333334E-01  0.0000000E+00  0.0000000E+00
 1999 230  6:15:32     0.0       0.0    0.3300000E+01  0.5000000E-01  0.0000000E+00  0.0000000E+00  0.4833333E+00  0.3450000E+01  0.5010000E+02  0.6866666E+02  0.4676667E+02  0.1333333E+00  0.0000000E+00  0.0000000E+00
 1999 230  6:18:37     0.0       0.0    0.1275000E+02  0.6000000E+00  0.1166667E+00  0.1000000E+00  0.6166667E+01  0.1396667E+02  0.1574667E+03  0.1266000E+03  0.1035333E+03  0.2566667E+01  0.0000000E+00  0.0000000E+00
 1999 230  6:21:41     0.0       0.0    0.2106667E+02  0.9833333E+00  0.1166667E+00  0.1000000E+00  0.3650000E+01  0.2296667E+02  0.2068667E+03  0.1606667E+03  0.1260000E+03  0.1166667E+01  0.1666667E-01  0.0000000E+00
 1999 230  6:24:47     0.0       0.0    0.2408333E+02  0.1266667E+01  0.2166667E+00  0.5000000E-01  0.5683333E+01  0.2666667E+02  0.2366667E+03  0.1770000E+03  0.1464667E+03  0.1733333E+01  0.3333334E-01  0.0000000E+00
 1999 230  6:27:51     0.0       0.0    0.3078333E+02  0.1766667E+01  0.2333333E+00  0.6666667E-01  0.5283333E+01  0.3423333E+02  0.2360667E+03  0.2129333E+03  0.2006667E+03  0.1666667E+01  0.0000000E+00  0.0000000E+00
 1999 230  6:30:56     0.0       0.0    0.3191667E+02  0.1666667E+01  0.1833333E+00  0.1000000E+00  0.3783333E+01  0.3495000E+02  0.2540000E+03  0.2107333E+03  0.2078000E+03  0.1183333E+01  0.1666667E-01  0.1666667E-01
 1999 230  6:34:01     0.0       0.0    0.2875000E+02  0.1500000E+01  0.1833333E+00  0.3333334E-01  0.3066667E+01  0.3156667E+02  0.1978667E+03  0.1936667E+03  0.2206667E+03  0.1100000E+01  0.0000000E+00  0.0000000E+00
 1999 230  6:37:06     0.0       0.0    0.2740000E+02  0.1350000E+01  0.1500000E+00  0.6666667E-01  0.1933333E+01  0.3006667E+02  0.1943667E+03  0.1850000E+03  0.1981667E+03  0.6333333E+00  0.1666667E-01  0.0000000E+00
 1999 230  6:40:11     0.0       0.0    0.2356667E+02  0.1150000E+01  0.1333333E+00  0.3333334E-01  0.1216667E+01  0.2558333E+02  0.1837667E+03  0.1598000E+03  0.1734000E+03  0.3333333E+00  0.1666667E-01  0.0000000E+00
 1999 230  6:43:16     0.0       0.0    0.2271667E+02  0.1016667E+01  0.1500000E+00  0.0000000E+00  0.7000000E+00  0.2491667E+02  0.1664667E+03  0.1505333E+03  0.1548333E+03  0.6666667E-01  0.0000000E+00  0.0000000E+00
 1999 230  6:46:20     0.0       0.0    0.3153333E+02  0.1333333E+01  0.1666667E+00  0.3333334E-01  0.5333334E+00  0.3423333E+02  0.2168333E+03  0.2022000E+03  0.2025333E+03  0.1333333E+00  0.0000000E+00  0.0000000E+00
 1999 230  6:49:25     0.0       0.0    0.2453333E+02  0.1916667E+01  0.1166667E+00  0.5000000E-01  0.4500000E+00  0.2766667E+02  0.1737667E+03  0.1908000E+03  0.1965000E+03  0.5000000E-01  0.1666667E-01  0.0000000E+00
 1999 230  6:52:30     0.0       0.0    0.2223333E+02  0.1266667E+01  0.8333334E-01  0.1166667E+00  0.5666667E+00  0.2481667E+02  0.1764333E+03  0.1559333E+03  0.1689667E+03  0.2000000E+00  0.3333334E-01  0.1666667E-01
 1999 230  6:55:35     0.0       0.0    0.2131667E+02  0.1150000E+01  0.1333333E+00  0.1166667E+00  0.7166666E+00  0.2356667E+02  0.1624333E+03  0.1680000E+03  0.1569000E+03  0.2500000E+00  0.1666667E-01  0.0000000E+00
 1999 230  6:58:40     0.0       0.0    0.1353333E+02  0.1033333E+01  0.1166667E+00  0.5000000E-01  0.8166667E+00  0.1531667E+02  0.1258667E+03  0.1185333E+03  0.1096667E+03  0.3000000E+00  0.3333334E-01  0.0000000E+00
 1999 230  7:01:45     0.0       0.0    0.1123333E+02  0.8166667E+00  0.5000000E-01  0.0000000E+00  0.5000000E+00  0.1256667E+02  0.1144333E+03  0.1138667E+03  0.1043333E+03  0.5000000E-01  0.0000000E+00  0.0000000E+00
 1999 230  7:04:50     0.0       0.0    0.1713333E+02  0.1250000E+01  0.1500000E+00  0.5000000E-01  0.5333334E+00  0.1920000E+02  0.1403000E+03  0.1350000E+03  0.1292000E+03  0.8333334E-01  0.1666667E-01  0.0000000E+00
 1999 230  7:07:54     0.0       0.0    0.2065000E+02  0.1283333E+01  0.1166667E+00  0.8333334E-01  0.5000000E+00  0.2295000E+02  0.1620333E+03  0.1602000E+03  0.1570500E+03  0.1166667E+00  0.1666667E-01  0.0000000E+00
 1999 230  7:10:59     0.0       0.0    0.1738333E+02  0.1566667E+01  0.3333334E-01  0.3333334E-01  0.3000000E+00  0.1975000E+02  0.1615000E+03  0.1359333E+03  0.1467333E+03  0.0000000E+00  0.1666667E-01  0.0000000E+00
 1999 230  7:14:04     0.0       0.0    0.1291667E+02  0.7166666E+00  0.1666667E-01  0.6666667E-01  0.3500000E+00  0.1418333E+02  0.1187667E+03  0.1118333E+03  0.1233333E+03  0.6666667E-01  0.5000000E-01  0.1666667E-01
 1999 230  7:17:09     0.0       0.0    0.1103333E+02  0.6833333E+00  0.1666667E-01  0.3333334E-01  0.1166667E+00  0.1230000E+02  0.1062667E+03  0.1038667E+03  0.1104000E+03  0.8333334E-01  0.3333334E-01  0.0000000E+00
 1999 230  7:20:14     0.0       0.0    0.8000000E+01  0.7000000E+00  0.3333334E-01  0.1666667E-01  0.1166667E+00  0.8950000E+01  0.7253333E+02  0.7456667E+02  0.7771667E+02  0.0000000E+00  0.0000000E+00  0.0000000E+00
 1999 230  7:23:19     0.0       0.0    0.7816667E+01  0.4500000E+00  0.3333334E-01  0.3333334E-01  0.1500000E+00  0.8750000E+01  0.9933334E+02  0.8073333E+02  0.7401667E+02  0.1666667E-01  0.0000000E+00  0.0000000E+00
 1999 230  7:26:24     0.0       0.0    0.1965000E+02  0.1016667E+01  0.1000000E+00  0.3333334E-01  0.3500000E+00  0.2180000E+02  0.1657333E+03  0.1575333E+03  0.1633333E+03  0.8333334E-01  0.0000000E+00  0.0000000E+00
 1999 230  7:29:29     0.0       0.0    0.2368333E+02  0.1350000E+01  0.1000000E+00  0.6666667E-01  0.5000000E+00  0.2615000E+02  0.1764000E+03  0.1744000E+03  0.1937667E+03  0.8333334E-01  0.5000000E-01  0.0000000E+00
 1999 230  7:32:33     0.0       0.0    0.2265000E+02  0.1533333E+01  0.6666667E-01  0.3333334E-01  0.6166667E+00  0.2531667E+02  0.1751000E+03  0.1658333E+03  0.1826667E+03  0.6666667E-01  0.1666667E-01  0.0000000E+00
 1999 230  7:35:38     0.0       0.0    0.2461667E+02  0.1716667E+01  0.5000000E-01  0.6666667E-01  0.5333334E+00  0.2716667E+02  0.1840000E+03  0.1752667E+03  0.1799333E+03  0.2166667E+00  0.3333334E-01  0.0000000E+00
 1999 230  7:38:43     0.0       0.0    0.2150000E+02  0.1150000E+01  0.8333334E-01  0.5000000E-01  0.5333334E+00  0.2373333E+02  0.1625167E+03  0.1583333E+03  0.1750833E+03  0.1166667E+00  0.1666667E-01  0.0000000E+00
 1999 230  7:41:48     0.0       0.0    0.9633333E+01  0.4500000E+00  0.6666667E-01  0.0000000E+00  0.4000000E+00  0.1073333E+02  0.8816666E+02  0.8433334E+02  0.9730000E+02  0.1500000E+00  0.0000000E+00  0.0000000E+00
 1999 230  7:44:53     0.0       0.0    0.5433333E+01  0.4000000E+00  0.3333334E-01  0.5000000E-01  0.5000000E+00  0.6066667E+01  0.6166667E+02  0.5906667E+02  0.6391667E+02  0.1500000E+00  0.1666667E-01  0.0000000E+00
 1999 230  7:47:58     0.0       0.0    0.3616667E+01  0.2666667E+00  0.0000000E+00  0.1666667E-01  0.2166667E+00  0.4033333E+01  0.4820000E+02  0.4800000E+02  0.4653333E+02  0.6666667E-01  0.0000000E+00  0.0000000E+00
 1999 230  7:51:02     0.0       0.0    0.1216667E+01  0.1000000E+00  0.3333334E-01  0.0000000E+00  0.2000000E+00  0.1400000E+01  0.3080000E+02  0.3463334E+02  0.3038333E+02  0.0000000E+00  0.0000000E+00  0.0000000E+00
 1999 230  7:54:08   970.0      29.3    0.1500000E+00  0.1666667E-01  0.3333334E-01  0.0000000E+00  0.3333334E-01  0.2000000E+00  0.2376667E+02  0.2640000E+02  0.2098333E+02  0.0000000E+00  0.0000000E+00  0.0000000E+00
 1999 230  7:57:12     0.0       0.0    0.2500000E+00  0.0000000E+00  0.1666667E-01  0.0000000E+00  0.6666667E-01  0.3000000E+00  0.2453333E+02  0.2753333E+02  0.1918333E+02  0.0000000E+00  0.0000000E+00  0.0000000E+00
 1999 230  8:00:17   380.8      56.4    0.5166667E+00  0.3333334E-01  0.0000000E+00  0.0000000E+00  0.1666667E-01  0.5833333E+00  0.2553333E+02  0.2873333E+02  0.2165000E+02  0.0000000E+00  0.0000000E+00  0.0000000E+00
 1999 230  8:03:22     0.0       0.0    0.1166667E+00  0.0000000E+00  0.0000000E+00  0.0000000E+00  0.0000000E+00  0.1166667E+00  0.2303333E+02  0.2660000E+02  0.1908333E+02  0.0000000E+00  0.0000000E+00  0.0000000E+00
 1999 230  8:06:27     0.0       0.0    0.2166667E+00  0.0000000E+00  0.0000000E+00  0.0000000E+00  0.3333334E-01  0.2166667E+00  0.2216667E+02  0.2500000E+02  0.1841667E+02  0.0000000E+00  0.0000000E+00  0.0000000E+00
 1999 230  8:09:32  1045.5     128.1    0.2000000E+00  0.0000000E+00  0.0000000E+00  0.0000000E+00  0.1666667E-01  0.2000000E+00  0.2446667E+02  0.2536667E+02  0.1826667E+02  0.1666667E-01  0.0000000E+00  0.0000000E+00
 1999 230  8:12:37     0.0       0.0    0.3833333E+00  0.5000000E-01  0.0000000E+00  0.3333334E-01  0.1666667E-01  0.4500000E+00  0.2396667E+02  0.2750000E+02  0.1940000E+02  0.0000000E+00  0.1666667E-01  0.0000000E+00
 1999 230  8:15:41   700.7      88.0    0.3950000E+01  0.2000000E+00  0.6666667E-01  0.1666667E-01  0.2666667E+00  0.4366667E+01  0.4926667E+02  0.5463334E+02  0.3873333E+02  0.8333334E-01  0.0000000E+00  0.0000000E+00
 1999 230  8:18:47     0.0       0.0    0.4850000E+01  0.3500000E+00  0.3333334E-01  0.0000000E+00  0.4000000E+00  0.5350000E+01  0.6723333E+02  0.6840000E+02  0.5150000E+02  0.5000000E-01  0.0000000E+00  0.0000000E+00
 1999 230  8:21:51     0.0       0.0    0.1276667E+02  0.7666667E+00  0.2166667E+00  0.6666667E-01  0.1783333E+01  0.1438333E+02  0.1089333E+03  0.1226000E+03  0.1086667E+03  0.5833333E+00  0.3333334E-01  0.0000000E+00
 1999 230  8:24:56     0.0       0.0    0.1045000E+02  0.4666667E+00  0.8333334E-01  0.0000000E+00  0.1816667E+01  0.1140000E+02  0.9700000E+02  0.1021333E+03  0.8936667E+02  0.4166667E+00  0.0000000E+00  0.0000000E+00
 1999 230  8:28:01     0.0       0.0    0.1483333E+02  0.4833333E+00  0.1000000E+00  0.3333334E-01  0.1683333E+01  0.1600000E+02  0.1171333E+03  0.1184000E+03  0.1056667E+03  0.4000000E+00  0.3333334E-01  0.0000000E+00
 1999 230  8:31:06     0.0       0.0    0.1638333E+02  0.5000000E+00  0.1833333E+00  0.6666667E-01  0.1400000E+01  0.1766667E+02  0.1260000E+03  0.1208667E+03  0.1165333E+03  0.3333333E+00  0.1666667E-01  0.1666667E-01
 1999 230  8:34:11     0.0       0.0    0.8800000E+01  0.5500000E+00  0.5000000E-01  0.3333334E-01  0.1183333E+01  0.9683333E+01  0.8206667E+02  0.8853333E+02  0.9026667E+02  0.4833333E+00  0.0000000E+00  0.0000000E+00
 1999 230  8:37:16     0.0       0.0    0.9683333E+01  0.6000000E+00  0.3333334E-01  0.1666667E-01  0.1016667E+01  0.1078333E+02  0.8756667E+02  0.8766666E+02  0.7753333E+02  0.2500000E+00  0.0000000E+00  0.0000000E+00
 1999 230  8:40:20     0.0       0.0    0.1371667E+02  0.6166667E+00  0.6666667E-01  0.3333334E-01  0.9500000E+00  0.1496667E+02  0.1149000E+03  0.1093333E+03  0.1059667E+03  0.3166667E+00  0.3333334E-01  0.0000000E+00
 1999 230  8:43:25     0.0       0.0    0.1260000E+02  0.4666667E+00  0.1000000E+00  0.6666667E-01  0.7833334E+00  0.1378333E+02  0.1009667E+03  0.1059333E+03  0.1005333E+03  0.2666667E+00  0.0000000E+00  0.1666667E-01
 1999 230  8:46:30     0.0       0.0    0.1018333E+02  0.2500000E+00  0.5000000E-01  0.1666667E-01  0.8000000E+00  0.1088333E+02  0.6766666E+02  0.8913333E+02  0.1114333E+03  0.3166667E+00  0.0000000E+00  0.0000000E+00
 1999 230  8:49:35     0.0       0.0    0.1516667E+01  0.8333334E-01  0.0000000E+00  0.0000000E+00  0.2000000E+00  0.1650000E+01  0.3556667E+02  0.3893333E+02  0.3403333E+02  0.3333334E-01  0.0000000E+00  0.0000000E+00
 1999 230  8:52:40     0.0       0.0    0.5833333E+01  0.2166667E+00  0.6666667E-01  0.5000000E-01  0.7500000E+00  0.6433333E+01  0.5990000E+02  0.6543333E+02  0.7173333E+02  0.3000000E+00  0.0000000E+00  0.0000000E+00
 1999 230  8:55:45     0.0       0.0    0.2121667E+02  0.9500000E+00  0.6666667E-01  0.6666667E-01  0.9500000E+00  0.2305000E+02  0.1348667E+03  0.1392667E+03  0.1497333E+03  0.3166667E+00  0.3333334E-01  0.0000000E+00
 1999 230  8:58:50     0.0       0.0    0.1763333E+02  0.6000000E+00  0.1000000E+00  0.5000000E-01  0.7500000E+00  0.1886667E+02  0.1189333E+03  0.1198667E+03  0.1336000E+03  0.2000000E+00  0.3333334E-01  0.0000000E+00
 1999 230  9:01:55     0.0       0.0    0.6550000E+01  0.2500000E+00  0.3333334E-01  0.0000000E+00  0.5666667E+00  0.7066667E+01  0.6366667E+02  0.6493333E+02  0.6520000E+02  0.1000000E+00  0.0000000E+00  0.0000000E+00
 1999 230  9:04:59     0.0       0.0    0.6716667E+01  0.2500000E+00  0.6666667E-01  0.3333334E-01  0.1666667E+00  0.7333333E+01  0.6923333E+02  0.6673333E+02  0.6053333E+02  0.1666667E-01  0.0000000E+00  0.0000000E+00
 1999 230  9:08:04     0.0       0.0    0.4950000E+01  0.2333333E+00  0.1666667E-01  0.0000000E+00  0.4166667E+00  0.5366667E+01  0.6006667E+02  0.5920000E+02  0.5270000E+02  0.1333333E+00  0.0000000E+00  0.0000000E+00
 1999 230  9:11:09     0.0       0.0    0.4283333E+01  0.1500000E+00  0.6666667E-01  0.1666667E-01  0.1500000E+00  0.4716667E+01  0.5283333E+02  0.5600000E+02  0.4701667E+02  0.3333334E-01  0.1666667E-01  0.0000000E+00
 1999 230  9:14:14     0.0       0.0    0.1031667E+02  0.4833333E+00  0.3333334E-01  0.3333334E-01  0.8333334E-01  0.1125000E+02  0.8986667E+02  0.8996667E+02  0.7253333E+02  0.0000000E+00  0.1666667E-01  0.0000000E+00
 1999 230  9:17:19     0.0       0.0    0.7933333E+01  0.5500000E+00  0.3333334E-01  0.3333334E-01  0.8333334E-01  0.9066667E+01  0.7476667E+02  0.7746667E+02  0.7156667E+02  0.1666667E-01  0.3333334E-01  0.0000000E+00
 1999 230  9:20:24     0.0       0.0    0.2483333E+01  0.1333333E+00  0.1666667E-01  0.0000000E+00  0.0000000E+00  0.2750000E+01  0.3923333E+02  0.4080000E+02  0.3300000E+02  0.0000000E+00  0.0000000E+00  0.0000000E+00
 1999 230  9:23:29     0.0       0.0    0.1136667E+02  0.6333333E+00  0.1333333E+00  0.3333334E-01  0.1000000E+00  0.1235000E+02  0.9590000E+02  0.9166666E+02  0.8336667E+02  0.1666667E-01  0.0000000E+00  0.0000000E+00
 1999 230  9:26:33     0.0       0.0    0.1321667E+02  0.5166667E+00  0.8333334E-01  0.1666667E-01  0.2666667E+00  0.1436667E+02  0.1070333E+03  0.9993333E+02  0.9413333E+02  0.5000000E-01  0.1666667E-01  0.0000000E+00
 1999 230  9:29:38     0.0       0.0    0.1600000E+01  0.1166667E+00  0.0000000E+00  0.0000000E+00  0.6666667E-01  0.1750000E+01  0.3093333E+02  0.3740000E+02  0.2666667E+02  0.1666667E-01  0.0000000E+00  0.0000000E+00
 1999 230  9:32:43     0.0       0.0    0.1183333E+01  0.5000000E-01  0.0000000E+00  0.0000000E+00  0.5000000E-01  0.1266667E+01  0.2740000E+02  0.3503333E+02  0.2545000E+02  0.0000000E+00  0.0000000E+00  0.0000000E+00
 1999 230  9:35:48     0.0       0.0    0.1870370E+01  0.7407407E-01  0.0000000E+00  0.0000000E+00  0.1851852E-01  0.2000000E+01  0.3755556E+02  0.3633333E+02  0.2629630E+02  0.0000000E+00  0.0000000E+00  0.0000000E+00
 1999 230  9:38:53     0.0       0.0    0.2678571E+00  0.1785714E-01  0.0000000E+00  0.0000000E+00  0.1785714E-01  0.2857143E+00  0.2207143E+02  0.2530357E+02  0.1832143E+02  0.0000000E+00  0.0000000E+00  0.0000000E+00
 1999 230  9:45:03   781.2      64.4    0.8333334E-01  0.0000000E+00  0.0000000E+00  0.0000000E+00  0.1666667E-01  0.8333334E-01  0.2473333E+02  0.2683333E+02  0.1841667E+02  0.0000000E+00  0.0000000E+00  0.0000000E+00
 1999 230  9:48:08     0.0       0.0    0.4666667E+00  0.0000000E+00  0.1666667E-01  0.0000000E+00  0.1666667E-01  0.5000000E+00  0.2653333E+02  0.2593333E+02  0.2008333E+02  0.0000000E+00  0.0000000E+00  0.0000000E+00
 1999 230  9:51:12     0.0       0.0    0.4333333E+00  0.3333334E-01  0.0000000E+00  0.0000000E+00  0.1166667E+00  0.4833333E+00  0.2543333E+02  0.2736667E+02  0.2045000E+02  0.1666667E-01  0.0000000E+00  0.0000000E+00
 1999 230  9:54:17     0.0       0.0    0.2666667E+00  0.8333334E-01  0.1666667E-01  0.0000000E+00  0.6666667E-01  0.3666667E+00  0.2320000E+02  0.2706667E+02  0.1980000E+02  0.0000000E+00  0.0000000E+00  0.0000000E+00
 1999 230  9:57:22  1074.5      22.5    0.1833333E+00  0.0000000E+00  0.0000000E+00  0.0000000E+00  0.1666667E-01  0.1833333E+00  0.2210000E+02  0.2508333E+02  0.1786667E+02  0.1666667E-01  0.0000000E+00  0.0000000E+00
 1999 230 10:00:27   471.7     114.4    0.2833333E+00  0.1666667E-01  0.0000000E+00  0.1666667E-01  0.1666667E-01  0.3166667E+00  0.2311667E+02  0.2606667E+02  0.1926667E+02  0.0000000E+00  0.0000000E+00  0.0000000E+00
 1999 230 10:03:32   504.9      12.4    0.2833333E+00  0.5000000E-01  0.0000000E+00  0.0000000E+00  0.1666667E-01  0.3500000E+00  0.2613333E+02  0.2866667E+02  0.2111667E+02  0.0000000E+00  0.0000000E+00  0.0000000E+00
 1999 230 10:06:37  1029.2     117.6    0.4633333E+01  0.4500000E+00  0.1166667E+00  0.8333334E-01  0.6666667E-01  0.5416667E+01  0.5796667E+02  0.5720000E+02  0.4893333E+02  0.0000000E+00  0.1666667E-01  0.0000000E+00
 1999 230 10:09:41     0.0       0.0    0.1070000E+02  0.6166667E+00  0.6666667E-01  0.3333334E-01  0.1666667E+00  0.1183333E+02  0.9700000E+02  0.9516666E+02  0.8316666E+02  0.1666667E-01  0.1666667E-01  0.0000000E+00
 1999 230 10:12:47     0.0       0.0    0.1163333E+02  0.7000000E+00  0.1166667E+00  0.3333334E-01  0.1166667E+00  0.1308333E+02  0.1075667E+03  0.1026667E+03  0.1035000E+03  0.3333334E-01  0.0000000E+00  0.0000000E+00
 1999 230 10:15:51     0.0       0.0    0.7600000E+01  0.3166667E+00  0.1333333E+00  0.1666667E-01  0.8333334E-01  0.8383333E+01  0.8090000E+02  0.8313333E+02  0.8236667E+02  0.3333334E-01  0.1666667E-01  0.0000000E+00
 1999 230 10:18:56     0.0       0.0    0.7650000E+01  0.2833333E+00  0.6666667E-01  0.1666667E-01  0.1666667E+00  0.8350000E+01  0.7146667E+02  0.6946667E+02  0.7256667E+02  0.1666667E-01  0.1666667E-01  0.0000000E+00
 1999 230 10:22:01     0.0       0.0    0.2283333E+01  0.8333334E-01  0.0000000E+00  0.0000000E+00  0.1666667E-01  0.2416667E+01  0.3233333E+02  0.4243333E+02  0.3210000E+02  0.0000000E+00  0.0000000E+00  0.0000000E+00
 1999 230 10:25:06   555.8      16.3    0.5200000E+01  0.1666667E+00  0.1666667E-01  0.1666667E-01  0.0000000E+00  0.5516667E+01  0.3890000E+02  0.5683333E+02  0.3786666E+02  0.0000000E+00  0.1666667E-01  0.0000000E+00
 1999 230 10:28:11     0.0       0.0    0.3400000E+01  0.6666667E-01  0.0000000E+00  0.0000000E+00  0.0000000E+00  0.3583333E+01  0.3696667E+02  0.4555000E+02  0.2950000E+02  0.0000000E+00  0.0000000E+00  0.0000000E+00
 1999 230 10:31:16     0.0       0.0    0.1666667E+00  0.5000000E-01  0.0000000E+00  0.0000000E+00  0.0000000E+00  0.2500000E+00  0.2410000E+02  0.2596667E+02  0.1908333E+02  0.0000000E+00  0.0000000E+00  0.0000000E+00
 1999 230 10:34:20   532.7      14.7    0.4000000E+00  0.3333334E-01  0.1666667E-01  0.0000000E+00  0.1666667E-01  0.4500000E+00  0.2291667E+02  0.2750000E+02  0.1925000E+02  0.0000000E+00  0.0000000E+00  0.0000000E+00
 1999 230 10:37:26   383.4       9.8    0.5833333E+00  0.3333334E-01  0.1666667E-01  0.0000000E+00  0.0000000E+00  0.6333333E+00  0.2518333E+02  0.2753333E+02  0.1953333E+02  0.0000000E+00  0.0000000E+00  0.0000000E+00
 1999 230 10:40:30     0.0       0.0    0.7000000E+00  0.0000000E+00  0.0000000E+00  0.0000000E+00  0.1666667E-01  0.7333333E+00  0.2420000E+02  0.2920000E+02  0.2126667E+02  0.0000000E+00  0.0000000E+00  0.0000000E+00
 1999 230 10:43:35     0.0       0.0    0.1118333E+02  0.5500000E+00  0.6666667E-01  0.3333334E-01  0.2666667E+00  0.1210000E+02  0.8820000E+02  0.7730000E+02  0.6461667E+02  0.3333334E-01  0.1666667E-01  0.0000000E+00
 1999 230 10:46:40     0.0       0.0    0.2130000E+02  0.7500000E+00  0.5000000E-01  0.1666667E-01  0.4500000E+00  0.2290000E+02  0.1374667E+03  0.1304667E+03  0.1270333E+03  0.1166667E+00  0.0000000E+00  0.1666667E-01
 1999 230 10:49:45     0.0       0.0    0.2468333E+02  0.7833334E+00  0.6666667E-01  0.3333334E-01  0.8333333E+00  0.2651667E+02  0.1628000E+03  0.1539333E+03  0.1604000E+03  0.3333333E+00  0.1666667E-01  0.0000000E+00
 1999 230 10:52:50     0.0       0.0    0.1616667E+01  0.6666667E-01  0.0000000E+00  0.0000000E+00  0.3000000E+00  0.1750000E+01  0.3255000E+02  0.3566667E+02  0.2810000E+02  0.2000000E+00  0.0000000E+00  0.0000000E+00
 1999 230 10:55:55     0.0       0.0    0.1333333E+01  0.5000000E-01  0.1666667E-01  0.0000000E+00  0.1500000E+00  0.1466667E+01  0.2983333E+02  0.3233333E+02  0.2710000E+02  0.5000000E-01  0.0000000E+00  0.0000000E+00
 1999 230 10:58:59     0.0       0.0    0.1183333E+01  0.5000000E-01  0.0000000E+00  0.0000000E+00  0.2333333E+00  0.1283333E+01  0.3033333E+02  0.3090000E+02  0.2551667E+02  0.5000000E-01  0.0000000E+00  0.0000000E+00
 1999 230 11:02:04   618.0      19.0    0.6000000E+00  0.5000000E-01  0.1666667E-01  0.0000000E+00  0.3333333E+00  0.6833333E+00  0.2643333E+02  0.3033333E+02  0.2711667E+02  0.1500000E+00  0.0000000E+00  0.0000000E+00
 1999 230 11:05:09     0.0       0.0    0.4500000E+00  0.0000000E+00  0.1666667E-01  0.0000000E+00  0.3500000E+00  0.4833333E+00  0.2616667E+02  0.2938333E+02  0.2186667E+02  0.1166667E+00  0.0000000E+00  0.0000000E+00
 1999 230 11:08:14   485.2      30.9    0.2000000E+00  0.1666667E-01  0.1666667E-01  0.0000000E+00  0.2333333E+00  0.2500000E+00  0.2163333E+02  0.2555000E+02  0.1990000E+02  0.8333334E-01  0.0000000E+00  0.0000000E+00
 1999 230 11:11:19     0.0       0.0    0.3783333E+01  0.1333333E+00  0.3333334E-01  0.0000000E+00  0.3833333E+00  0.4050000E+01  0.4120000E+02  0.5203333E+02  0.5460000E+02  0.1666667E+00  0.0000000E+00  0.0000000E+00
 1999 230 11:14:24     0.0       0.0    0.1465000E+02  0.4500000E+00  0.5000000E-01  0.0000000E+00  0.4333333E+00  0.1570000E+02  0.9463333E+02  0.1078000E+03  0.1121667E+03  0.3333334E-01  0.0000000E+00  0.0000000E+00
 1999 230 11:17:29     0.0       0.0    0.1011667E+02  0.4333333E+00  0.8333334E-01  0.1666667E-01  0.7333333E+00  0.1108333E+02  0.8320000E+02  0.8320000E+02  0.8963333E+02  0.2500000E+00  0.0000000E+00  0.0000000E+00
 1999 230 11:20:34     0.0       0.0    0.7166667E+01  0.3166667E+00  0.3333334E-01  0.3333334E-01  0.3333333E+00  0.7800000E+01  0.6923333E+02  0.7080000E+02  0.6760000E+02  0.3333334E-01  0.0000000E+00  0.0000000E+00
 1999 230 11:23:38     0.0       0.0    0.1766667E+02  0.6666667E+00  0.6666667E-01  0.8333334E-01  0.4166667E+00  0.1901667E+02  0.1275667E+03  0.1214000E+03  0.1355000E+03  0.1833333E+00  0.3333334E-01  0.0000000E+00
 1999 230 11:26:43     0.0       0.0    0.8550000E+01  0.3833333E+00  0.6666667E-01  0.3333334E-01  0.3166667E+00  0.9266666E+01  0.7750000E+02  0.8213333E+02  0.7676667E+02  0.1000000E+00  0.3333334E-01  0.0000000E+00
 1999 230 11:29:48     0.0       0.0    0.1366667E+02  0.7166666E+00  0.1500000E+00  0.3333334E-01  0.4833333E+00  0.1508333E+02  0.1037333E+03  0.1051333E+03  0.1085167E+03  0.1333333E+00  0.1666667E-01  0.0000000E+00
 1999 230 11:32:53     0.0       0.0    0.1193333E+02  0.5166667E+00  0.1000000E+00  0.1666667E-01  0.4833333E+00  0.1301667E+02  0.9313333E+02  0.9586667E+02  0.1014500E+03  0.1333333E+00  0.0000000E+00  0.0000000E+00
 1999 230 11:35:58     0.0       0.0    0.1170000E+02  0.5500000E+00  0.5000000E-01  0.0000000E+00  0.7333333E+00  0.1271667E+02  0.9283334E+02  0.8946667E+02  0.9023333E+02  0.1500000E+00  0.0000000E+00  0.0000000E+00
 1999 230 11:39:03     0.0       0.0    0.8583333E+01  0.3166667E+00  0.3333334E-01  0.1666667E-01  0.4833333E+00  0.9250000E+01  0.7876667E+02  0.7653333E+02  0.7650000E+02  0.1000000E+00  0.1666667E-01  0.0000000E+00
 1999 230 11:42:08     0.0       0.0    0.1296667E+02  0.5166667E+00  0.5000000E-01  0.3333334E-01  0.3333333E+00  0.1400000E+02  0.1065667E+03  0.9940000E+02  0.9853333E+02  0.5000000E-01  0.0000000E+00  0.0000000E+00
 1999 230 11:45:12     0.0       0.0    0.1671667E+02  0.8333333E+00  0.8333334E-01  0.8333334E-01  0.4000000E+00  0.1831667E+02  0.1268000E+03  0.1216667E+03  0.1246667E+03  0.5000000E-01  0.5000000E-01  0.1666667E-01
 1999 230 11:48:17     0.0       0.0    0.1520000E+02  0.7000000E+00  0.1500000E+00  0.6666667E-01  0.4500000E+00  0.1663333E+02  0.1171000E+03  0.1134000E+03  0.1130333E+03  0.6666667E-01  0.1666667E-01  0.0000000E+00
 1999 230 11:51:22     0.0       0.0    0.1495000E+02  0.9166667E+00  0.6666667E-01  0.3333334E-01  0.4333333E+00  0.1663333E+02  0.1178667E+03  0.1146000E+03  0.1198333E+03  0.6666667E-01  0.1666667E-01  0.0000000E+00
 1999 230 11:54:27     0.0       0.0    0.1385000E+02  0.6666667E+00  0.1666667E-01  0.3333334E-01  0.2833333E+00  0.1505000E+02  0.9990000E+02  0.1042667E+03  0.1085667E+03  0.6666667E-01  0.0000000E+00  0.0000000E+00
 1999 230 11:57:32     0.0       0.0    0.7366667E+01  0.4000000E+00  0.3333334E-01  0.5000000E-01  0.3333333E+00  0.8066667E+01  0.7290000E+02  0.7140000E+02  0.7415000E+02  0.5000000E-01  0.1666667E-01  0.0000000E+00
 1999 230 12:00:37   465.8      66.9    0.5933333E+01  0.4166667E+00  0.1666667E-01  0.5000000E-01  0.1666667E+00  0.6700000E+01  0.6856667E+02  0.6373333E+02  0.6506667E+02  0.5000000E-01  0.1666667E-01  0.0000000E+00
 1999 230 12:03:42     0.0       0.0    0.7216667E+01  0.4000000E+00  0.1666667E-01  0.3333334E-01  0.1666667E+00  0.7900000E+01  0.7150000E+02  0.6890000E+02  0.6771667E+02  0.0000000E+00  0.1666667E-01  0.0000000E+00
 1999 230 12:06:47     0.0       0.0    0.7000000E+01  0.4333333E+00  0.1666667E-01  0.3333334E-01  0.1333333E+00  0.7783333E+01  0.7266666E+02  0.6976667E+02  0.6876667E+02  0.0000000E+00  0.1666667E-01  0.0000000E+00
 1999 230 12:09:51     0.0       0.0    0.5066667E+01  0.2833333E+00  0.5000000E-01  0.1666667E-01  0.8333334E-01  0.5633333E+01  0.5393333E+02  0.5566667E+02  0.5150000E+02  0.0000000E+00  0.1666667E-01  0.0000000E+00
 1999 230 12:12:56     0.0       0.0    0.1450000E+01  0.1500000E+00  0.0000000E+00  0.1666667E-01  0.5000000E-01  0.1650000E+01  0.3113333E+02  0.3513334E+02  0.2843333E+02  0.0000000E+00  0.0000000E+00  0.0000000E+00
 1999 230 12:16:01   619.9     105.2    0.5833333E+00  0.1666667E-01  0.1666667E-01  0.0000000E+00  0.3333334E-01  0.6333333E+00  0.2493333E+02  0.2740000E+02  0.2150000E+02  0.0000000E+00  0.0000000E+00  0.0000000E+00
 1999 230 12:19:06     0.0       0.0    0.4333333E+00  0.1666667E-01  0.3333334E-01  0.0000000E+00  0.1666667E-01  0.5166667E+00  0.2393333E+02  0.2710000E+02  0.2001667E+02  0.0000000E+00  0.0000000E+00  0.0000000E+00
 1999 230 12:22:11  1022.1      24.3    0.1500000E+00  0.0000000E+00  0.0000000E+00  0.0000000E+00  0.3333334E-01  0.1500000E+00  0.2250000E+02  0.2566667E+02  0.1900000E+02  0.1666667E-01  0.0000000E+00  0.0000000E+00
 1999 230 12:25:16     0.0       0.0    0.1166667E+00  0.0000000E+00  0.0000000E+00  0.0000000E+00  0.0000000E+00  0.1500000E+00  0.2190000E+02  0.2650000E+02  0.1776667E+02  0.0000000E+00  0.0000000E+00  0.0000000E+00
 1999 230 12:28:20     0.0       0.0    0.1166667E+00  0.0000000E+00  0.0000000E+00  0.0000000E+00  0.0000000E+00  0.1166667E+00  0.2206667E+02  0.2500000E+02  0.1721667E+02  0.0000000E+00  0.0000000E+00  0.0000000E+00
 1999 230 12:31:26  1076.8     115.4    0.1333333E+00  0.1666667E-01  0.0000000E+00  0.0000000E+00  0.0000000E+00  0.1500000E+00  0.2131667E+02  0.2500000E+02  0.1738333E+02  0.0000000E+00  0.0000000E+00  0.0000000E+00
 1999 230 12:34:30     0.0       0.0    0.1166667E+00  0.3333334E-01  0.0000000E+00  0.0000000E+00  0.0000000E+00  0.1500000E+00  0.2211667E+02  0.2380000E+02  0.1820000E+02  0.0000000E+00  0.0000000E+00  0.0000000E+00
 1999 230 12:37:35   260.1      37.0    0.1000000E+00  0.1666667E-01  0.0000000E+00  0.0000000E+00  0.0000000E+00  0.1500000E+00  0.2163333E+02  0.2471667E+02  0.1708333E+02  0.0000000E+00  0.0000000E+00  0.0000000E+00
 1999 230 12:40:40   407.1     101.6    0.0000000E+00  0.0000000E+00  0.0000000E+00  0.0000000E+00  0.0000000E+00  0.0000000E+00  0.2153333E+02  0.2433333E+02  0.1616667E+02  0.0000000E+00  0.0000000E+00  0.0000000E+00
 1999 230 12:43:45     0.0       0.0    0.0000000E+00  0.0000000E+00  0.0000000E+00  0.0000000E+00  0.1666667E-01  0.0000000E+00  0.2166667E+02  0.2455000E+02  0.1693333E+02  0.0000000E+00  0.0000000E+00  0.0000000E+00
 1999 230 12:46:50     0.0       0.0    0.0000000E+00  0.1666667E-01  0.0000000E+00  0.0000000E+00  0.0000000E+00  0.1666667E-01  0.2168333E+02  0.2390000E+02  0.1676667E+02  0.0000000E+00  0.0000000E+00  0.0000000E+00
 1999 230 12:49:55     0.0       0.0    0.3333334E-01  0.1666667E-01  0.0000000E+00  0.0000000E+00  0.0000000E+00  0.5000000E-01  0.2280000E+02  0.2570000E+02  0.1730000E+02  0.0000000E+00  0.0000000E+00  0.0000000E+00
 1999 230 12:52:59   666.6      30.1    0.0000000E+00  0.0000000E+00  0.0000000E+00  0.0000000E+00  0.0000000E+00  0.0000000E+00  0.2055000E+02  0.2446667E+02  0.1675000E+02  0.0000000E+00  0.0000000E+00  0.0000000E+00
 1999 230 12:56:05   818.9      81.9    0.3333334E-01  0.0000000E+00  0.0000000E+00  0.1666667E-01  0.0000000E+00  0.3333334E-01  0.2103333E+02  0.2465000E+02  0.1705000E+02  0.0000000E+00  0.0000000E+00  0.0000000E+00
 1999 230 12:59:09     0.0       0.0    0.6666667E-01  0.0000000E+00  0.0000000E+00  0.0000000E+00  0.0000000E+00  0.6666667E-01  0.2121667E+02  0.2518333E+02  0.1740000E+02  0.0000000E+00  0.0000000E+00  0.0000000E+00
 1999 230 13:02:14     0.0       0.0    0.1166667E+00  0.0000000E+00  0.0000000E+00  0.0000000E+00  0.1333333E+00  0.1166667E+00  0.2233333E+02  0.2576667E+02  0.1936667E+02  0.5000000E-01  0.0000000E+00  0.0000000E+00
 1999 230 13:05:19   631.6      16.8    0.3000000E+00  0.5000000E-01  0.0000000E+00  0.0000000E+00  0.0000000E+00  0.3833333E+00  0.2351667E+02  0.2676667E+02  0.1915000E+02  0.0000000E+00  0.0000000E+00  0.0000000E+00
 1999 230 13:08:24   569.8      18.2    0.2000000E+00  0.0000000E+00  0.3333334E-01  0.0000000E+00  0.1166667E+00  0.2500000E+00  0.2363333E+02  0.2633333E+02  0.1845000E+02  0.1666667E-01  0.0000000E+00  0.0000000E+00
 1999 230 13:11:29     0.0       0.0    0.6000000E+00  0.3333334E-01  0.1666667E-01  0.0000000E+00  0.1833333E+00  0.6666667E+00  0.2795000E+02  0.3096667E+02  0.2528333E+02  0.3333334E-01  0.0000000E+00  0.0000000E+00
 1999 230 13:14:34     0.0       0.0    0.3266667E+01  0.2000000E+00  0.0000000E+00  0.0000000E+00  0.3833333E+00  0.3666667E+01  0.4570000E+02  0.4220000E+02  0.3618333E+02  0.6666667E-01  0.0000000E+00  0.0000000E+00
 1999 230 13:17:38     0.0       0.0    0.9816667E+01  0.5833333E+00  0.1666667E-01  0.0000000E+00  0.4833333E+00  0.1095000E+02  0.7326667E+02  0.7473333E+02  0.7570000E+02  0.6666667E-01  0.0000000E+00  0.0000000E+00
 1999 230 13:20:43     0.0       0.0    0.5650000E+01  0.3833333E+00  0.5000000E-01  0.6666667E-01  0.1500000E+00  0.6416667E+01  0.5500000E+02  0.5833333E+02  0.5306667E+02  0.5000000E-01  0.1666667E-01  0.0000000E+00
 1999 230 13:23:48     0.0       0.0    0.6800000E+01  0.4166667E+00  0.8333334E-01  0.0000000E+00  0.1666667E+00  0.7583333E+01  0.6076667E+02  0.6280000E+02  0.5256667E+02  0.3333334E-01  0.0000000E+00  0.0000000E+00
 1999 230 13:26:53     0.0       0.0    0.1408333E+02  0.7333333E+00  0.8333334E-01  0.6666667E-01  0.5333334E+00  0.1548333E+02  0.9356667E+02  0.9800000E+02  0.8300000E+02  0.8333334E-01  0.1666667E-01  0.0000000E+00
 1999 230 13:29:58     0.0       0.0    0.4816667E+01  0.1833333E+00  0.3333334E-01  0.1666667E-01  0.3333334E-01  0.5233333E+01  0.4090000E+02  0.5206667E+02  0.4090000E+02  0.3333334E-01  0.1666667E-01  0.0000000E+00
 1999 230 13:33:03     0.0       0.0    0.4133333E+01  0.3166667E+00  0.0000000E+00  0.0000000E+00  0.3333334E-01  0.4616667E+01  0.4690000E+02  0.5070000E+02  0.3450000E+02  0.1666667E-01  0.0000000E+00  0.0000000E+00
 1999 230 13:36:08     0.0       0.0    0.7666667E+00  0.3333334E-01  0.0000000E+00  0.0000000E+00  0.0000000E+00  0.8333333E+00  0.2403333E+02  0.3180000E+02  0.2321667E+02  0.0000000E+00  0.0000000E+00  0.0000000E+00
 1999 230 13:39:13     0.0       0.0    0.1666667E-01  0.0000000E+00  0.1666667E-01  0.0000000E+00  0.0000000E+00  0.5000000E-01  0.2150000E+02  0.2520000E+02  0.1768333E+02  0.0000000E+00  0.0000000E+00  0.0000000E+00
 1999 230 13:42:17     0.0       0.0    0.2333333E+00  0.0000000E+00  0.0000000E+00  0.0000000E+00  0.0000000E+00  0.2333333E+00  0.2186667E+02  0.2648333E+02  0.1828333E+02  0.0000000E+00  0.0000000E+00  0.0000000E+00
 1999 230 13:45:22     0.0       0.0    0.6666667E-01  0.0000000E+00  0.0000000E+00  0.0000000E+00  0.0000000E+00  0.8333334E-01  0.2176667E+02  0.2640000E+02  0.1806667E+02  0.0000000E+00  0.0000000E+00  0.0000000E+00
 1999 230 13:48:27     0.0       0.0    0.6000000E-01  0.2000000E-01  0.0000000E+00  0.0000000E+00  0.0000000E+00  0.8000000E-01  0.2066000E+02  0.2466000E+02  0.1720000E+02  0.0000000E+00  0.0000000E+00  0.0000000E+00
 1999 230 13:51:32     0.0       0.0    0.3333334E-01  0.0000000E+00  0.0000000E+00  0.0000000E+00  0.0000000E+00  0.3333334E-01  0.2193333E+02  0.2450000E+02  0.1791667E+02  0.0000000E+00  0.0000000E+00  0.0000000E+00
 1999 230 13:54:37   343.7     106.2    0.3333334E-01  0.1666667E-01  0.0000000E+00  0.0000000E+00  0.0000000E+00  0.5000000E-01  0.2168333E+02  0.2365000E+02  0.1720000E+02  0.0000000E+00  0.0000000E+00  0.0000000E+00
 1999 230 13:57:42   588.1      33.7    0.1110000E+02  0.3833333E+00  0.6666667E-01  0.3333334E-01  0.3333333E+00  0.1193333E+02  0.6230000E+02  0.8390000E+02  0.7158334E+02  0.8333334E-01  0.1666667E-01  0.0000000E+00
 1999 230 14:00:47     0.0       0.0    0.4435000E+02  0.1266667E+01  0.2500000E+00  0.1000000E+00  0.1283333E+01  0.4730000E+02  0.2119333E+03  0.2098667E+03  0.2282667E+03  0.5666667E+00  0.3333334E-01  0.0000000E+00
 1999 230 14:03:51     0.0       0.0    0.2238333E+02  0.5333334E+00  0.3166667E+00  0.3333334E-01  0.1300000E+01  0.2398333E+02  0.1316667E+03  0.1341333E+03  0.1320000E+03  0.6666667E+00  0.1666667E-01  0.0000000E+00
 1999 230 14:06:56     0.0       0.0    0.2798333E+02  0.6000000E+00  0.1000000E+00  0.5000000E-01  0.1433333E+01  0.2965000E+02  0.1564667E+03  0.1455333E+03  0.1437333E+03  0.5000000E+00  0.0000000E+00  0.0000000E+00
 1999 230 14:10:01     0.0       0.0    0.2586667E+02  0.7166666E+00  0.8333334E-01  0.5000000E-01  0.5500000E+00  0.2741667E+02  0.1382000E+03  0.1322667E+03  0.1376000E+03  0.1166667E+00  0.0000000E+00  0.0000000E+00
 1999 230 14:13:06     0.0       0.0    0.1668333E+02  0.5500000E+00  0.1333333E+00  0.1666667E-01  0.6833333E+00  0.1808333E+02  0.9893333E+02  0.1224667E+03  0.1135333E+03  0.2000000E+00  0.0000000E+00  0.0000000E+00
 1999 230 14:16:11     0.0       0.0    0.3108333E+02  0.9333333E+00  0.1500000E+00  0.6666667E-01  0.8166667E+00  0.3326667E+02  0.1624667E+03  0.1874667E+03  0.1665333E+03  0.2833333E+00  0.1666667E-01  0.0000000E+00
 1999 230 14:19:16     0.0       0.0    0.2688333E+02  0.6333333E+00  0.1166667E+00  0.0000000E+00  0.1083333E+01  0.2858333E+02  0.1487000E+03  0.1494667E+03  0.1536333E+03  0.2333333E+00  0.0000000E+00  0.0000000E+00
 1999 230 14:22:21     0.0       0.0    0.2453333E+02  0.5166667E+00  0.1166667E+00  0.1666667E-01  0.6500000E+00  0.2593333E+02  0.1340000E+03  0.1402667E+03  0.1495333E+03  0.1166667E+00  0.1666667E-01  0.0000000E+00
 1999 230 14:25:26     0.0       0.0    0.2370000E+02  0.5666667E+00  0.1000000E+00  0.0000000E+00  0.3500000E+00  0.2526667E+02  0.1525667E+03  0.1394000E+03  0.1407000E+03  0.8333334E-01  0.0000000E+00  0.0000000E+00
 1999 230 14:28:30     0.0       0.0    0.2278333E+02  0.6833333E+00  0.1000000E+00  0.1666667E-01  0.2333333E+00  0.2441667E+02  0.1483333E+03  0.1498667E+03  0.1451667E+03  0.1000000E+00  0.0000000E+00  0.0000000E+00
 1999 230 14:31:35     0.0       0.0    0.2388333E+02  0.7333333E+00  0.1333333E+00  0.6666667E-01  0.4666667E+00  0.2548333E+02  0.1474667E+03  0.1475333E+03  0.1670667E+03  0.1833333E+00  0.5000000E-01  0.0000000E+00
 1999 230 14:34:40     0.0       0.0    0.1506667E+02  0.3666667E+00  0.6666667E-01  0.3333334E-01  0.2666667E+00  0.1608333E+02  0.1223000E+03  0.1176000E+03  0.1137333E+03  0.1333333E+00  0.0000000E+00  0.0000000E+00
 1999 230 14:37:45     0.0       0.0    0.6116667E+01  0.1166667E+00  0.1666667E-01  0.3333334E-01  0.1833333E+00  0.6500000E+01  0.7246667E+02  0.7266666E+02  0.6473333E+02  0.6666667E-01  0.0000000E+00  0.0000000E+00
 1999 230 14:40:50     0.0       0.0    0.7250000E+01  0.1333333E+00  0.1666667E-01  0.0000000E+00  0.3333334E-01  0.7616667E+01  0.8233334E+02  0.6970000E+02  0.6600000E+02  0.1666667E-01  0.0000000E+00  0.0000000E+00
 1999 230 14:43:55     0.0       0.0    0.2121667E+02  0.7666667E+00  0.1000000E+00  0.5000000E-01  0.8333334E-01  0.2293333E+02  0.1429333E+03  0.1423333E+03  0.1351000E+03  0.1666667E-01  0.1666667E-01  0.0000000E+00
 1999 230 14:46:59     0.0       0.0    0.2300000E+02  0.8500000E+00  0.1166667E+00  0.8333334E-01  0.3000000E+00  0.2496667E+02  0.1580000E+03  0.1673333E+03  0.1722000E+03  0.8333334E-01  0.3333334E-01  0.1666667E-01
 1999 230 14:50:05     0.0       0.0    0.2433333E+02  0.1066667E+01  0.8333334E-01  0.6666667E-01  0.4500000E+00  0.2661667E+02  0.1635333E+03  0.1660000E+03  0.1835667E+03  0.1000000E+00  0.0000000E+00  0.0000000E+00
 1999 230 14:53:09     0.0       0.0    0.1431667E+02  0.4166667E+00  0.6666667E-01  0.1666667E-01  0.4333333E+00  0.1526667E+02  0.1110333E+03  0.1054667E+03  0.1126667E+03  0.1333333E+00  0.1666667E-01  0.0000000E+00
 1999 230 14:56:14     0.0       0.0    0.1335000E+02  0.5166667E+00  0.1166667E+00  0.8333334E-01  0.2333333E+00  0.1458333E+02  0.1050000E+03  0.1114000E+03  0.1167333E+03  0.5000000E-01  0.1666667E-01  0.1666667E-01
 1999 230 14:59:19     0.0       0.0    0.1731667E+02  0.7500000E+00  0.1333333E+00  0.5000000E-01  0.1666667E+00  0.1888333E+02  0.1327000E+03  0.1398667E+03  0.1454000E+03  0.5000000E-01  0.1666667E-01  0.0000000E+00
 1999 230 15:02:24     0.0       0.0    0.1291667E+02  0.7000000E+00  0.6666667E-01  0.3333334E-01  0.5000000E-01  0.1410000E+02  0.8580000E+02  0.1113333E+03  0.1334000E+03  0.1666667E-01  0.0000000E+00  0.0000000E+00
 1999 230 15:05:29     0.0       0.0    0.8650000E+01  0.5833333E+00  0.6666667E-01  0.3333334E-01  0.6666667E-01  0.9600000E+01  0.6610000E+02  0.8860000E+02  0.9376667E+02  0.1666667E-01  0.1666667E-01  0.0000000E+00
 1999 230 15:08:34     0.0       0.0    0.1123333E+02  0.5666667E+00  0.3333334E-01  0.8333334E-01  0.5000000E-01  0.1223333E+02  0.9283334E+02  0.1025333E+03  0.1029667E+03  0.0000000E+00  0.0000000E+00  0.0000000E+00
 1999 230 15:11:38     0.0       0.0    0.3603333E+02  0.1266667E+01  0.2333333E+00  0.5000000E-01  0.8333334E-01  0.3885000E+02  0.1779333E+03  0.2362000E+03  0.2935667E+03  0.3333334E-01  0.3333334E-01  0.0000000E+00
 1999 230 15:14:44     0.0       0.0    0.3440000E+02  0.1316667E+01  0.1666667E+00  0.1166667E+00  0.6000000E+00  0.3721667E+02  0.1826000E+03  0.1992000E+03  0.2151333E+03  0.2333333E+00  0.3333334E-01  0.1666667E-01
 1999 230 15:17:48     0.0       0.0    0.1106667E+02  0.4000000E+00  0.1666667E-01  0.3333334E-01  0.5333334E+00  0.1188333E+02  0.9040000E+02  0.8673333E+02  0.8716666E+02  0.2166667E+00  0.0000000E+00  0.0000000E+00
 1999 230 15:20:53     0.0       0.0    0.9683333E+01  0.3500000E+00  0.3333334E-01  0.1666667E-01  0.3833333E+00  0.1051667E+02  0.7773333E+02  0.8000000E+02  0.6603333E+02  0.1666667E-01  0.1666667E-01  0.0000000E+00
 1999 230 15:23:58     0.0       0.0    0.5766667E+01  0.2666667E+00  0.3333334E-01  0.0000000E+00  0.3500000E+00  0.6316667E+01  0.6220000E+02  0.6156667E+02  0.5620000E+02  0.1666667E-01  0.0000000E+00  0.0000000E+00
 1999 230 15:27:03     0.0       0.0    0.4833333E+01  0.2333333E+00  0.1166667E+00  0.0000000E+00  0.3166667E+00  0.5450000E+01  0.5593333E+02  0.5653333E+02  0.5590000E+02  0.3333334E-01  0.0000000E+00  0.0000000E+00
 1999 230 15:30:08     0.0       0.0    0.5883333E+01  0.2333333E+00  0.8333334E-01  0.1666667E-01  0.3833333E+00  0.6366667E+01  0.5900000E+02  0.5920000E+02  0.5413334E+02  0.8333334E-01  0.0000000E+00  0.0000000E+00
 1999 230 15:33:13     0.0       0.0    0.8633333E+01  0.2166667E+00  0.3333334E-01  0.0000000E+00  0.4333333E+00  0.9283334E+01  0.7613333E+02  0.7353333E+02  0.7890000E+02  0.1333333E+00  0.0000000E+00  0.0000000E+00
 1999 230 15:36:17     0.0       0.0    0.7716667E+01  0.3833333E+00  0.1000000E+00  0.3333334E-01  0.6666667E+00  0.8583333E+01  0.7543333E+02  0.7113333E+02  0.6980000E+02  0.2666667E+00  0.0000000E+00  0.0000000E+00
 1999 230 15:39:22     0.0       0.0    0.5716667E+01  0.3000000E+00  0.3333334E-01  0.5000000E-01  0.8833333E+00  0.6333333E+01  0.6156667E+02  0.6166667E+02  0.5496667E+02  0.3000000E+00  0.1666667E-01  0.0000000E+00
 1999 230 15:42:27     0.0       0.0    0.3550000E+01  0.1666667E-01  0.5000000E-01  0.1666667E-01  0.8000000E+00  0.3850000E+01  0.4923333E+02  0.4773333E+02  0.4560000E+02  0.2500000E+00  0.0000000E+00  0.0000000E+00
 1999 230 15:45:32     0.0       0.0    0.4916667E+01  0.8333334E-01  0.0000000E+00  0.5000000E-01  0.8333333E+00  0.5233333E+01  0.5660000E+02  0.5580000E+02  0.5321667E+02  0.2166667E+00  0.0000000E+00  0.0000000E+00
 1999 230 15:48:37     0.0       0.0    0.3883333E+01  0.1333333E+00  0.1666667E-01  0.1666667E-01  0.3666667E+00  0.4266667E+01  0.5200000E+02  0.4980000E+02  0.4563334E+02  0.1000000E+00  0.0000000E+00  0.0000000E+00
 1999 230 15:51:42     0.0       0.0    0.6166667E+01  0.3500000E+00  0.1000000E+00  0.3333334E-01  0.4500000E+00  0.6933333E+01  0.5866667E+02  0.6320000E+02  0.6046667E+02  0.8333334E-01  0.0000000E+00  0.0000000E+00
 1999 230 15:54:47     0.0       0.0    0.7666667E+01  0.3666667E+00  0.1666667E-01  0.5000000E-01  0.4000000E+00  0.8366667E+01  0.6953333E+02  0.6833334E+02  0.7230000E+02  0.1666667E-01  0.0000000E+00  0.1666667E-01
 1999 230 15:57:51     0.0       0.0    0.5283333E+01  0.2333333E+00  0.5000000E-01  0.5000000E-01  0.4833333E+00  0.5833333E+01  0.6486667E+02  0.6400000E+02  0.6413333E+02  0.6666667E-01  0.1666667E-01  0.0000000E+00
 1999 230 16:00:56     0.0       0.0    0.3883333E+01  0.1000000E+00  0.5000000E-01  0.1666667E-01  0.3333333E+00  0.4183333E+01  0.5063334E+02  0.5153333E+02  0.4943333E+02  0.3333334E-01  0.0000000E+00  0.0000000E+00
 1999 230 16:04:01     0.0       0.0    0.3016667E+01  0.1166667E+00  0.0000000E+00  0.1666667E-01  0.1166667E+00  0.3200000E+01  0.4660000E+02  0.4520000E+02  0.3780000E+02  0.0000000E+00  0.1666667E-01  0.0000000E+00
 1999 230 16:07:06     0.0       0.0    0.3066667E+01  0.1000000E+00  0.0000000E+00  0.0000000E+00  0.1000000E+00  0.3283333E+01  0.4060000E+02  0.4443333E+02  0.4041667E+02  0.0000000E+00  0.0000000E+00  0.0000000E+00
 1999 230 16:10:11     0.0       0.0    0.7333333E+00  0.5000000E-01  0.0000000E+00  0.0000000E+00  0.0000000E+00  0.8000000E+00  0.2673333E+02  0.2960000E+02  0.2318333E+02  0.0000000E+00  0.0000000E+00  0.0000000E+00
 1999 230 16:13:16     0.0       0.0    0.1966667E+01  0.1333333E+00  0.0000000E+00  0.0000000E+00  0.1666667E-01  0.2166667E+01  0.3160000E+02  0.3476667E+02  0.2803333E+02  0.0000000E+00  0.0000000E+00  0.0000000E+00
 1999 230 16:16:21  1018.8      30.7    0.6166667E+00  0.3333334E-01  0.0000000E+00  0.0000000E+00  0.0000000E+00  0.6666667E+00  0.2453333E+02  0.2790000E+02  0.2203333E+02  0.0000000E+00  0.0000000E+00  0.0000000E+00
 1999 230 16:19:26     0.0       0.0    0.2333333E+00  0.1666667E-01  0.0000000E+00  0.0000000E+00  0.0000000E+00  0.2666667E+00  0.2241667E+02  0.2546667E+02  0.1795000E+02  0.0000000E+00  0.0000000E+00  0.0000000E+00
 1999 230 16:22:30     0.0       0.0    0.1666667E-01  0.0000000E+00  0.0000000E+00  0.0000000E+00  0.0000000E+00  0.1666667E-01  0.2141667E+02  0.2610000E+02  0.1808333E+02  0.0000000E+00  0.0000000E+00  0.0000000E+00
 1999 230 16:25:35   502.9     132.5    0.3333334E-01  0.0000000E+00  0.0000000E+00  0.0000000E+00  0.0000000E+00  0.3333334E-01  0.2170000E+02  0.2426667E+02  0.1706667E+02  0.0000000E+00  0.0000000E+00  0.0000000E+00
 1999 230 16:28:40     0.0       0.0    0.3333334E-01  0.1666667E-01  0.0000000E+00  0.0000000E+00  0.0000000E+00  0.5000000E-01  0.2111667E+02  0.2568333E+02  0.1685000E+02  0.0000000E+00  0.0000000E+00  0.0000000E+00
 1999 230 16:31:45   400.7      65.0    0.1666667E-01  0.0000000E+00  0.0000000E+00  0.0000000E+00  0.0000000E+00  0.1666667E-01  0.2113333E+02  0.2461667E+02  0.1705000E+02  0.0000000E+00  0.0000000E+00  0.0000000E+00
 1999 230 16:34:50   401.4      41.6    0.8333334E-01  0.0000000E+00  0.0000000E+00  0.0000000E+00  0.1666667E-01  0.8333334E-01  0.2263333E+02  0.2476667E+02  0.1730000E+02  0.0000000E+00  0.0000000E+00  0.0000000E+00
 1999 230 16:37:55   842.7     148.7    0.2033333E+01  0.1000000E+00  0.0000000E+00  0.0000000E+00  0.0000000E+00  0.2216667E+01  0.3273333E+02  0.3671667E+02  0.3546667E+02  0.0000000E+00  0.0000000E+00  0.0000000E+00
 1999 230 16:40:59     0.0       0.0    0.6216667E+01  0.5000000E-01  0.8333334E-01  0.1666667E-01  0.1333333E+00  0.6550000E+01  0.5040000E+02  0.5996667E+02  0.5678333E+02  0.1666667E-01  0.0000000E+00  0.0000000E+00
 1999 230 16:44:05   802.1      52.0    0.2430000E+02  0.4333333E+00  0.1500000E+00  0.1666667E-01  0.1066667E+01  0.2566667E+02  0.1510000E+03  0.1399333E+03  0.1167000E+03  0.3333333E+00  0.0000000E+00  0.0000000E+00
 1999 230 16:47:09     0.0       0.0    0.2756667E+02  0.5666667E+00  0.2000000E+00  0.1666667E-01  0.1000000E+01  0.2916667E+02  0.9653333E+02  0.1488000E+03  0.2253333E+03  0.3333333E+00  0.0000000E+00  0.0000000E+00
 1999 230 16:50:14     0.0       0.0    0.2855000E+02  0.8000000E+00  0.3166667E+00  0.5000000E-01  0.3016667E+01  0.3096667E+02  0.1582667E+03  0.1708000E+03  0.1998667E+03  0.1183333E+01  0.0000000E+00  0.0000000E+00
 1999 230 16:53:19     0.0       0.0    0.3163333E+02  0.9500000E+00  0.1500000E+00  0.3333334E-01  0.2183333E+01  0.3381667E+02  0.1750667E+03  0.1629333E+03  0.1859333E+03  0.7333333E+00  0.0000000E+00  0.0000000E+00
 1999 230 16:56:24     0.0       0.0    0.4483333E+02  0.1466667E+01  0.2333333E+00  0.1000000E+00  0.1350000E+01  0.4768333E+02  0.2236667E+03  0.2192667E+03  0.2438667E+03  0.3333333E+00  0.1666667E-01  0.0000000E+00
 1999 230 16:59:29     0.0       0.0    0.5963334E+02  0.1550000E+01  0.3500000E+00  0.1833333E+00  0.3116667E+01  0.6341667E+02  0.2996667E+03  0.2796000E+03  0.2954667E+03  0.1316667E+01  0.5000000E-01  0.0000000E+00
 1999 230 17:02:34     0.0       0.0    0.6043333E+02  0.1850000E+01  0.2000000E+00  0.1000000E+00  0.1383333E+01  0.6423333E+02  0.3024000E+03  0.2747333E+03  0.3015333E+03  0.4166667E+00  0.5000000E-01  0.0000000E+00
 1999 230 17:05:38     0.0       0.0    0.6585000E+02  0.1266667E+01  0.2166667E+00  0.1500000E+00  0.1566667E+01  0.6965000E+02  0.3178000E+03  0.2881333E+03  0.3366667E+03  0.5166667E+00  0.3333334E-01  0.0000000E+00
 1999 230 17:08:44     0.0       0.0    0.6258333E+02  0.1466667E+01  0.4000000E+00  0.1166667E+00  0.1466667E+01  0.6635000E+02  0.2878000E+03  0.2866667E+03  0.3237000E+03  0.4333333E+00  0.0000000E+00  0.0000000E+00
 1999 230 17:11:48     0.0       0.0    0.7910000E+02  0.1983333E+01  0.3333333E+00  0.6666667E-01  0.2550000E+01  0.8371667E+02  0.3893333E+03  0.3388000E+03  0.3678667E+03  0.7666667E+00  0.0000000E+00  0.0000000E+00
 1999 230 17:14:53     0.0       0.0    0.7056667E+02  0.1783333E+01  0.3666667E+00  0.8333334E-01  0.3183333E+01  0.7486667E+02  0.3614667E+03  0.3302667E+03  0.3634667E+03  0.7500000E+00  0.1666667E-01  0.0000000E+00
 1999 230 17:17:58     0.0       0.0    0.6141667E+02  0.2016667E+01  0.4000000E+00  0.6666667E-01  0.2116667E+01  0.6573333E+02  0.2957333E+03  0.2950000E+03  0.3531667E+03  0.6333333E+00  0.3333334E-01  0.0000000E+00
 1999 230 17:21:03     0.0       0.0    0.7253333E+02  0.2216667E+01  0.4000000E+00  0.1333333E+00  0.2050000E+01  0.7693333E+02  0.3688667E+03  0.3379333E+03  0.3476667E+03  0.5000000E+00  0.5000000E-01  0.0000000E+00
 1999 230 17:24:08     0.0       0.0    0.7631667E+02  0.2450000E+01  0.3833333E+00  0.2166667E+00  0.2466667E+01  0.8111667E+02  0.3873000E+03  0.3466000E+03  0.3704000E+03  0.5666667E+00  0.6666667E-01  0.0000000E+00
 1999 230 17:27:13     0.0       0.0    0.7635000E+02  0.2116667E+01  0.3666667E+00  0.1333333E+00  0.2916667E+01  0.8091666E+02  0.3776333E+03  0.3530667E+03  0.3885667E+03  0.7000000E+00  0.5000000E-01  0.0000000E+00
 1999 230 17:30:17     0.0       0.0    0.7435000E+02  0.2166667E+01  0.2833333E+00  0.2000000E+00  0.2533333E+01  0.7850000E+02  0.3864667E+03  0.3500000E+03  0.3704333E+03  0.6333333E+00  0.1666667E-01  0.0000000E+00
 1999 230 17:33:22     0.0       0.0    0.6053333E+02  0.2650000E+01  0.4666667E+00  0.1666667E+00  0.2816667E+01  0.6528333E+02  0.3367333E+03  0.3142667E+03  0.3375333E+03  0.4833333E+00  0.8333334E-01  0.0000000E+00
 1999 230 17:36:27     0.0       0.0    0.6003333E+02  0.2233333E+01  0.3166667E+00  0.1333333E+00  0.2766667E+01  0.6436667E+02  0.3314333E+03  0.3108000E+03  0.3217333E+03  0.4166667E+00  0.3333334E-01  0.0000000E+00
 1999 230 17:39:32     0.0       0.0    0.5591667E+02  0.2900000E+01  0.3833333E+00  0.1000000E+00  0.3400000E+01  0.6115000E+02  0.3083333E+03  0.2840000E+03  0.3146333E+03  0.5666667E+00  0.1666667E-01  0.0000000E+00
 1999 230 17:42:37     0.0       0.0    0.5233333E+02  0.2850000E+01  0.4500000E+00  0.1333333E+00  0.2883333E+01  0.5756667E+02  0.2959667E+03  0.2768000E+03  0.2858333E+03  0.5000000E+00  0.1666667E-01  0.0000000E+00
 1999 230 17:45:42     0.0       0.0    0.6563333E+02  0.2650000E+01  0.2666667E+00  0.1666667E+00  0.1733333E+01  0.7031667E+02  0.3442000E+03  0.3212667E+03  0.3370000E+03  0.3166667E+00  0.3333334E-01  0.0000000E+00
 1999 230 17:48:47     0.0       0.0    0.7211667E+02  0.2566667E+01  0.3333333E+00  0.2333333E+00  0.1983333E+01  0.7681667E+02  0.3668000E+03  0.3431333E+03  0.3689667E+03  0.3833333E+00  0.6666667E-01  0.0000000E+00
 1999 230 17:51:51     0.0       0.0    0.7888333E+02  0.2366667E+01  0.3500000E+00  0.8333334E-01  0.2066667E+01  0.8351667E+02  0.3832000E+03  0.3619333E+03  0.3858000E+03  0.5000000E+00  0.3333334E-01  0.0000000E+00
 1999 230 17:54:56     0.0       0.0    0.7951667E+02  0.2700000E+01  0.2666667E+00  0.1833333E+00  0.2033333E+01  0.8421667E+02  0.3914667E+03  0.3748667E+03  0.3989667E+03  0.4833333E+00  0.6666667E-01  0.0000000E+00
 1999 230 17:58:01     0.0       0.0    0.8013333E+02  0.3000000E+01  0.3333333E+00  0.2333333E+00  0.1950000E+01  0.8526667E+02  0.3918000E+03  0.3713333E+03  0.4071667E+03  0.4666667E+00  0.3333334E-01  0.1666667E-01
 1999 230 18:01:06     0.0       0.0    0.7023333E+02  0.2250000E+01  0.2500000E+00  0.2000000E+00  0.1700000E+01  0.7460000E+02  0.3445333E+03  0.3324000E+03  0.3623333E+03  0.3333333E+00  0.1666667E-01  0.0000000E+00
 1999 230 18:04:11     0.0       0.0    0.6136666E+02  0.2266667E+01  0.3000000E+00  0.1666667E+00  0.1783333E+01  0.6571667E+02  0.3303333E+03  0.3087333E+03  0.3237333E+03  0.3500000E+00  0.5000000E-01  0.1666667E-01
 1999 230 18:07:16     0.0       0.0    0.6178333E+02  0.2016667E+01  0.2000000E+00  0.1666667E+00  0.1833333E+01  0.6596667E+02  0.3424333E+03  0.3094000E+03  0.3205333E+03  0.3166667E+00  0.6666667E-01  0.0000000E+00
 1999 230 18:10:21     0.0       0.0    0.5966667E+02  0.2150000E+01  0.1500000E+00  0.6666667E-01  0.1450000E+01  0.6365000E+02  0.3071333E+03  0.3085333E+03  0.3267000E+03  0.2833333E+00  0.0000000E+00  0.1666667E-01
 1999 230 18:13:26     0.0       0.0    0.5135000E+02  0.2066667E+01  0.2166667E+00  0.1166667E+00  0.1283333E+01  0.5508333E+02  0.2934667E+03  0.2802000E+03  0.2909000E+03  0.2000000E+00  0.5000000E-01  0.0000000E+00
 1999 230 18:16:30     0.0       0.0    0.5006667E+02  0.1466667E+01  0.1166667E+00  0.1000000E+00  0.1183333E+01  0.5311666E+02  0.2917000E+03  0.2727333E+03  0.2877667E+03  0.2166667E+00  0.3333334E-01  0.1666667E-01
 1999 230 18:19:35     0.0       0.0    0.5290000E+02  0.1600000E+01  0.8333334E-01  0.6666667E-01  0.9333333E+00  0.5618333E+02  0.2956333E+03  0.2725000E+03  0.2797000E+03  0.2000000E+00  0.1666667E-01  0.0000000E+00
 1999 230 18:22:40     0.0       0.0    0.5326667E+02  0.1733333E+01  0.2000000E+00  0.5000000E-01  0.9000000E+00  0.5673333E+02  0.2979667E+03  0.2778000E+03  0.2952000E+03  0.1666667E+00  0.0000000E+00  0.0000000E+00
 1999 230 18:25:45     0.0       0.0    0.5486666E+02  0.2000000E+01  0.1166667E+00  0.1000000E+00  0.9833333E+00  0.5821667E+02  0.2962333E+03  0.2790000E+03  0.2952667E+03  0.1500000E+00  0.3333334E-01  0.0000000E+00
 1999 230 18:28:50     0.0       0.0    0.4615000E+02  0.1716667E+01  0.1166667E+00  0.6666667E-01  0.1150000E+01  0.4896667E+02  0.2734333E+03  0.2397333E+03  0.2568000E+03  0.1166667E+00  0.5000000E-01  0.0000000E+00
 1999 230 18:31:55     0.0       0.0    0.4198333E+02  0.1500000E+01  0.1333333E+00  0.1333333E+00  0.8666667E+00  0.4473333E+02  0.2480667E+03  0.2177000E+03  0.2388000E+03  0.1666667E+00  0.5000000E-01  0.0000000E+00
 1999 230 18:34:59     0.0       0.0    0.4006667E+02  0.1450000E+01  0.1333333E+00  0.5000000E-01  0.9166667E+00  0.4288334E+02  0.2272667E+03  0.2132667E+03  0.2278000E+03  0.1333333E+00  0.1666667E-01  0.0000000E+00
 1999 230 18:38:05     0.0       0.0    0.3596667E+02  0.1450000E+01  0.6666667E-01  0.1333333E+00  0.5166667E+00  0.3881667E+02  0.2164667E+03  0.2021333E+03  0.2217000E+03  0.5000000E-01  0.1666667E-01  0.1666667E-01
 1999 230 18:41:09     0.0       0.0    0.3756667E+02  0.1383333E+01  0.1833333E+00  0.6666667E-01  0.8000000E+00  0.4068333E+02  0.2329333E+03  0.2079000E+03  0.2319333E+03  0.5000000E-01  0.1666667E-01  0.0000000E+00
 1999 230 18:44:14     0.0       0.0    0.3906667E+02  0.1300000E+01  0.2666667E+00  0.8333334E-01  0.1150000E+01  0.4201667E+02  0.2384667E+03  0.2153667E+03  0.2336000E+03  0.2500000E+00  0.5000000E-01  0.0000000E+00
 1999 230 18:47:19     0.0       0.0    0.3748333E+02  0.1533333E+01  0.2000000E+00  0.5000000E-01  0.9000000E+00  0.4038334E+02  0.2303333E+03  0.2046667E+03  0.2209667E+03  0.2333333E+00  0.1666667E-01  0.0000000E+00
 1999 230 18:50:24     0.0       0.0    0.3520000E+02  0.1233333E+01  0.1333333E+00  0.1666667E-01  0.9166667E+00  0.3770000E+02  0.2142667E+03  0.1932000E+03  0.2120333E+03  0.2000000E+00  0.0000000E+00  0.0000000E+00
 1999 230 18:53:29     0.0       0.0    0.3181667E+02  0.1200000E+01  0.1000000E+00  0.8333334E-01  0.1000000E+01  0.3411666E+02  0.1958000E+03  0.1849000E+03  0.1987333E+03  0.6666667E-01  0.3333334E-01  0.0000000E+00
 1999 230 18:56:34     0.0       0.0    0.2965000E+02  0.1133333E+01  0.1166667E+00  0.1000000E+00  0.9000000E+00  0.3176667E+02  0.1920667E+03  0.1812333E+03  0.1967000E+03  0.1166667E+00  0.0000000E+00  0.0000000E+00
 1999 230 18:59:38     0.0       0.0    0.3106667E+02  0.9500000E+00  0.1000000E+00  0.8333334E-01  0.7666667E+00  0.3305000E+02  0.1879667E+03  0.1799667E+03  0.2010833E+03  0.1166667E+00  0.3333334E-01  0.0000000E+00
 1999 230 19:02:44     0.0       0.0    0.2885000E+02  0.1233333E+01  0.1333333E+00  0.6666667E-01  0.7333333E+00  0.3130000E+02  0.1892833E+03  0.1790000E+03  0.1910167E+03  0.1000000E+00  0.1666667E-01  0.0000000E+00
 1999 230 19:05:48     0.0       0.0    0.2475000E+02  0.1033333E+01  0.1000000E+00  0.1666667E-01  0.8833333E+00  0.2710000E+02  0.1850333E+03  0.1711667E+03  0.1878000E+03  0.1000000E+00  0.1666667E-01  0.0000000E+00
 1999 230 19:08:53     0.0       0.0    0.2303333E+02  0.9833333E+00  0.6666667E-01  0.8333334E-01  0.4333333E+00  0.2513333E+02  0.1766000E+03  0.1685667E+03  0.1906333E+03  0.1666667E-01  0.5000000E-01  0.0000000E+00
 1999 230 19:11:58     0.0       0.0    0.2308333E+02  0.1033333E+01  0.1500000E+00  0.3333334E-01  0.2166667E+00  0.2495000E+02  0.1702667E+03  0.1628000E+03  0.1780833E+03  0.1666667E-01  0.1666667E-01  0.0000000E+00
 1999 230 19:15:03     0.0       0.0    0.2641667E+02  0.1233333E+01  0.1333333E+00  0.5000000E-01  0.1666667E+00  0.2898333E+02  0.1920000E+03  0.1909000E+03  0.1893833E+03  0.0000000E+00  0.1666667E-01  0.0000000E+00
 1999 230 19:18:08     0.0       0.0    0.2653333E+02  0.9500000E+00  0.6666667E-01  0.5000000E-01  0.2166667E+00  0.2833333E+02  0.1906667E+03  0.1853667E+03  0.1939333E+03  0.0000000E+00  0.1666667E-01  0.1666667E-01
 1999 230 19:21:13     0.0       0.0    0.2245000E+02  0.8666667E+00  0.6666667E-01  0.3333334E-01  0.2500000E+00  0.2431667E+02  0.1863667E+03  0.1728833E+03  0.1737333E+03  0.0000000E+00  0.0000000E+00  0.0000000E+00
 1999 230 19:24:17     0.0       0.0    0.2363333E+02  0.1083333E+01  0.6666667E-01  0.1666667E-01  0.3333333E+00  0.2568333E+02  0.1629667E+03  0.1654333E+03  0.1668000E+03  0.1666667E-01  0.0000000E+00  0.0000000E+00
 1999 230 19:27:22     0.0       0.0    0.3761666E+02  0.1516667E+01  0.1666667E+00  0.1166667E+00  0.7166666E+00  0.4060000E+02  0.2278333E+03  0.2295333E+03  0.2341500E+03  0.6666667E-01  0.5000000E-01  0.0000000E+00
 1999 230 19:30:27     0.0       0.0    0.3373333E+02  0.1450000E+01  0.1333333E+00  0.6666667E-01  0.5666667E+00  0.3665000E+02  0.2016333E+03  0.2015333E+03  0.2275500E+03  0.8333334E-01  0.0000000E+00  0.0000000E+00
 1999 230 19:33:14     0.0       0.0    0.2120000E+02  0.1133333E+01  0.3333334E-01  0.8333334E-01  0.6666667E+00  0.2298333E+02  0.1688000E+03  0.1565333E+03  0.1545667E+03  0.0000000E+00  0.5000000E-01  0.0000000E+00
 1999 230 19:36:19     0.0       0.0    0.2758333E+02  0.1116667E+01  0.5000000E-01  0.6666667E-01  0.6000000E+00  0.2973333E+02  0.1986333E+03  0.1806000E+03  0.1985500E+03  0.5000000E-01  0.0000000E+00  0.0000000E+00
 1999 230 19:39:23     0.0       0.0    0.3158333E+02  0.1650000E+01  0.1166667E+00  0.1166667E+00  0.5000000E+00  0.3458333E+02  0.2014667E+03  0.1947333E+03  0.2071667E+03  0.5000000E-01  0.3333334E-01  0.0000000E+00
 1999 230 19:42:28     0.0       0.0    0.2710870E+02  0.1130435E+01  0.1304348E+00  0.1304348E+00  0.2608696E+00  0.2947826E+02  0.1916087E+03  0.1983478E+03  0.1916956E+03  0.2173913E-01  0.4347826E-01  0.0000000E+00
 1999 230 19:45:33     0.0       0.0    0.1516667E+02  0.9166667E+00  0.5000000E-01  0.6666667E-01  0.1833333E+00  0.1666667E+02  0.1076667E+03  0.1183333E+03  0.1255333E+03  0.3333334E-01  0.1666667E-01  0.0000000E+00
 1999 230 19:48:38     0.0       0.0    0.1188333E+02  0.9000000E+00  0.1000000E+00  0.1000000E+00  0.1166667E+00  0.1346667E+02  0.1023333E+03  0.1014667E+03  0.9546667E+02  0.1666667E-01  0.3333334E-01  0.0000000E+00
 1999 230 19:51:43     0.0       0.0    0.1543333E+02  0.8500000E+00  0.1000000E+00  0.5000000E-01  0.2500000E+00  0.1685000E+02  0.1151000E+03  0.1096667E+03  0.1155667E+03  0.3333334E-01  0.3333334E-01  0.0000000E+00
 1999 230 19:54:48     0.0       0.0    0.1805000E+02  0.1050000E+01  0.6666667E-01  0.6666667E-01  0.2833333E+00  0.1975000E+02  0.1377000E+03  0.1213000E+03  0.1304000E+03  0.3333334E-01  0.3333334E-01  0.0000000E+00
 1999 230 19:57:52     0.0       0.0    0.2250000E+02  0.1266667E+01  0.2000000E+00  0.5000000E-01  0.4333333E+00  0.2485000E+02  0.1691333E+03  0.1529000E+03  0.1539167E+03  0.3333334E-01  0.5000000E-01  0.0000000E+00
 1999 230 20:00:57     0.0       0.0    0.2683333E+02  0.1700000E+01  0.1833333E+00  0.1500000E+00  0.4333333E+00  0.2965000E+02  0.2035000E+03  0.1813333E+03  0.1863667E+03  0.3333334E-01  0.5000000E-01  0.0000000E+00
 1999 230 20:04:02     0.0       0.0    0.3230000E+02  0.2050000E+01  0.1500000E+00  0.3333334E-01  0.2833333E+00  0.3571667E+02  0.1964667E+03  0.2056000E+03  0.2350667E+03  0.6666667E-01  0.1666667E-01  0.0000000E+00
 1999 230 20:07:07     0.0       0.0    0.3878333E+02  0.2133333E+01  0.1333333E+00  0.2666667E+00  0.1750000E+01  0.4240000E+02  0.2392333E+03  0.2426667E+03  0.2666833E+03  0.3666667E+00  0.1500000E+00  0.0000000E+00
 1999 230 20:10:12     0.0       0.0    0.3245000E+02  0.2466667E+01  0.1166667E+00  0.1833333E+00  0.9333333E+00  0.3633333E+02  0.2586000E+03  0.2544667E+03  0.2576000E+03  0.1166667E+00  0.6666667E-01  0.1666667E-01
 1999 230 20:13:16     0.0       0.0    0.3565000E+02  0.3150000E+01  0.2333333E+00  0.3000000E+00  0.4666667E+00  0.4055000E+02  0.2844333E+03  0.2980667E+03  0.2565667E+03  0.6666667E-01  0.1166667E+00  0.0000000E+00
 1999 230 20:16:21     0.0       0.0    0.3986666E+02  0.1983333E+01  0.2666667E+00  0.1333333E+00  0.5000000E+00  0.4366667E+02  0.2838667E+03  0.2435333E+03  0.2354333E+03  0.3333334E-01  0.0000000E+00  0.0000000E+00
 1999 230 20:19:26     0.0       0.0    0.3336666E+02  0.1683333E+01  0.1333333E+00  0.5000000E-01  0.3000000E+00  0.3676667E+02  0.2410667E+03  0.2204667E+03  0.2396333E+03  0.0000000E+00  0.3333334E-01  0.0000000E+00
 1999 230 20:22:31     0.0       0.0    0.3693333E+02  0.1933333E+01  0.1333333E+00  0.2000000E+00  0.8666667E+00  0.4061666E+02  0.2649333E+03  0.2218667E+03  0.2303333E+03  0.2000000E+00  0.6666667E-01  0.0000000E+00
 1999 230 20:25:36     0.0       0.0    0.4651667E+02  0.3233333E+01  0.1500000E+00  0.1333333E+00  0.4500000E+00  0.5178333E+02  0.2907333E+03  0.2824667E+03  0.2777667E+03  0.5000000E-01  0.5000000E-01  0.1666667E-01
 1999 230 20:28:40     0.0       0.0    0.3651667E+02  0.2950000E+01  0.2333333E+00  0.1833333E+00  0.1100000E+01  0.4150000E+02  0.2533000E+03  0.2326000E+03  0.2481667E+03  0.2000000E+00  0.1000000E+00  0.0000000E+00
 1999 230 20:31:45     0.0       0.0    0.2715000E+02  0.1700000E+01  0.1166667E+00  0.2333333E+00  0.1083333E+01  0.3021667E+02  0.2020000E+03  0.1722667E+03  0.1799500E+03  0.1666667E+00  0.8333334E-01  0.0000000E+00
 1999 230 20:34:50     0.0       0.0    0.1971667E+02  0.1200000E+01  0.1333333E+00  0.6666667E-01  0.3833333E+00  0.2186667E+02  0.1541333E+03  0.1383333E+03  0.1554333E+03  0.3333334E-01  0.5000000E-01  0.0000000E+00
 1999 230 20:37:55     0.0       0.0    0.4916667E+02  0.1800000E+01  0.1666667E+00  0.1166667E+00  0.9500000E+00  0.5233333E+02  0.3269667E+03  0.3015333E+03  0.2333333E+03  0.2000000E+00  0.1666667E-01  0.0000000E+00
 1999 230 20:41:00     0.0       0.0    0.1029667E+03  0.4916667E+01  0.3333333E+00  0.2666667E+00  0.1716667E+01  0.1108167E+03  0.5306000E+03  0.5534667E+03  0.5109000E+03  0.6500000E+00  0.1000000E+00  0.0000000E+00
 1999 230 20:44:05     0.0       0.0    0.7926667E+02  0.4866667E+01  0.6666667E+00  0.5833333E+00  0.3066667E+01  0.8753333E+02  0.3471000E+03  0.4295333E+03  0.5413000E+03  0.7000000E+00  0.2166667E+00  0.1666667E-01
 1999 230 20:47:10     0.0       0.0    0.9098333E+02  0.5583333E+01  0.3666667E+00  0.4333333E+00  0.1150000E+01  0.9943333E+02  0.4393333E+03  0.4538000E+03  0.5686000E+03  0.2500000E+00  0.1333333E+00  0.0000000E+00
 1999 230 20:50:14     0.0       0.0    0.8768333E+02  0.4950000E+01  0.4000000E+00  0.3166667E+00  0.2100000E+01  0.9581667E+02  0.4504000E+03  0.4604000E+03  0.5196000E+03  0.7833334E+00  0.1500000E+00  0.1666667E-01
 1999 230 20:53:19     0.0       0.0    0.8113333E+02  0.4650000E+01  0.6500000E+00  0.4833333E+00  0.2566667E+01  0.8870000E+02  0.4044000E+03  0.3969333E+03  0.4290000E+03  0.1016667E+01  0.2166667E+00  0.0000000E+00
 1999 230 20:56:24     0.0       0.0    0.7721667E+02  0.4016667E+01  0.6000000E+00  0.3000000E+00  0.2316667E+01  0.8433334E+02  0.3702667E+03  0.3797333E+03  0.4618667E+03  0.8166667E+00  0.1000000E+00  0.0000000E+00
 1999 230 20:59:29     0.0       0.0    0.6995000E+02  0.4150000E+01  0.6833333E+00  0.1666667E+00  0.2216667E+01  0.7675000E+02  0.3089333E+03  0.3442667E+03  0.4096000E+03  0.1100000E+01  0.1666667E-01  0.0000000E+00
 1999 230 21:02:34     0.0       0.0    0.7668333E+02  0.3866667E+01  0.6000000E+00  0.2000000E+00  0.2566667E+01  0.8365000E+02  0.3974667E+03  0.3998667E+03  0.4104000E+03  0.9000000E+00  0.1666667E-01  0.1666667E-01
 1999 230 21:05:39     0.0       0.0    0.7406667E+02  0.4416667E+01  0.7166666E+00  0.3166667E+00  0.2433333E+01  0.8166666E+02  0.3877333E+03  0.3781333E+03  0.3949333E+03  0.9166667E+00  0.6666667E-01  0.0000000E+00
 1999 230 21:08:43     0.0       0.0    0.6908334E+02  0.2983333E+01  0.4666667E+00  0.2333333E+00  0.1583333E+01  0.7455000E+02  0.3682667E+03  0.3450667E+03  0.3410000E+03  0.5666667E+00  0.8333334E-01  0.0000000E+00
 1999 230 21:11:48     0.0       0.0    0.7245000E+02  0.3666667E+01  0.4500000E+00  0.2000000E+00  0.2550000E+01  0.7895000E+02  0.3815333E+03  0.3465333E+03  0.3759333E+03  0.1150000E+01  0.1666667E-01  0.0000000E+00
 1999 230 21:14:53     0.0       0.0    0.7185000E+02  0.3583333E+01  0.5500000E+00  0.2000000E+00  0.2383333E+01  0.7780000E+02  0.3801333E+03  0.3564000E+03  0.4012667E+03  0.7666667E+00  0.1166667E+00  0.0000000E+00
 1999 230 21:17:58     0.0       0.0    0.7031667E+02  0.3533333E+01  0.6500000E+00  0.3500000E+00  0.2666667E+01  0.7671667E+02  0.3821333E+03  0.3702667E+03  0.3943333E+03  0.8833333E+00  0.1000000E+00  0.0000000E+00
 1999 230 21:21:03     0.0       0.0    0.8145000E+02  0.4850000E+01  0.4666667E+00  0.3166667E+00  0.2183333E+01  0.8968333E+02  0.4433333E+03  0.4104667E+03  0.4538000E+03  0.5333334E+00  0.1000000E+00  0.1666667E-01
 1999 230 21:24:08     0.0       0.0    0.8025000E+02  0.5333333E+01  0.6500000E+00  0.3500000E+00  0.2916667E+01  0.8891666E+02  0.4457333E+03  0.4130667E+03  0.4524000E+03  0.8500000E+00  0.5000000E-01  0.0000000E+00
 1999 230 21:27:13     0.0       0.0    0.8530000E+02  0.4783333E+01  0.5833333E+00  0.4666667E+00  0.2233333E+01  0.9318333E+02  0.4239333E+03  0.4261333E+03  0.5184000E+03  0.8000000E+00  0.1333333E+00  0.0000000E+00
 1999 230 21:30:17     0.0       0.0    0.8455000E+02  0.3966667E+01  0.3833333E+00  0.1666667E+00  0.2166667E+01  0.9146667E+02  0.4487333E+03  0.4180000E+03  0.4516667E+03  0.6333333E+00  0.3333334E-01  0.0000000E+00
 1999 230 21:33:22     0.0       0.0    0.8338333E+02  0.4200000E+01  0.5666667E+00  0.3166667E+00  0.2483333E+01  0.9051667E+02  0.4331333E+03  0.4022000E+03  0.4455333E+03  0.9333333E+00  0.1166667E+00  0.0000000E+00
 1999 230 21:36:27     0.0       0.0    0.8128333E+02  0.3900000E+01  0.3500000E+00  0.1833333E+00  0.2200000E+01  0.8801667E+02  0.4090000E+03  0.3892000E+03  0.4420000E+03  0.6833333E+00  0.8333334E-01  0.0000000E+00
 1999 230 21:39:32     0.0       0.0    0.8561667E+02  0.4800000E+01  0.4833333E+00  0.1833333E+00  0.1766667E+01  0.9331667E+02  0.4282000E+03  0.4061333E+03  0.4352667E+03  0.4500000E+00  0.1000000E+00  0.0000000E+00
 1999 230 21:42:37     0.0       0.0    0.9151667E+02  0.5033333E+01  0.4833333E+00  0.3333333E+00  0.2283333E+01  0.9978333E+02  0.4272333E+03  0.4322667E+03  0.4981000E+03  0.6500000E+00  0.1000000E+00  0.0000000E+00
 1999 230 21:45:42     0.0       0.0    0.7538333E+02  0.3016667E+01  0.4333333E+00  0.2833333E+00  0.2650000E+01  0.8093333E+02  0.3954000E+03  0.3624000E+03  0.4076000E+03  0.7166666E+00  0.6666667E-01  0.0000000E+00
 1999 230 21:48:46     0.0       0.0    0.8575000E+02  0.3416667E+01  0.5833333E+00  0.2166667E+00  0.3116667E+01  0.9223333E+02  0.4236000E+03  0.4088667E+03  0.4528333E+03  0.8500000E+00  0.3333334E-01  0.1666667E-01
 1999 230 21:51:51     0.0       0.0    0.8055000E+02  0.3266667E+01  0.6000000E+00  0.3500000E+00  0.2866667E+01  0.8671667E+02  0.3885000E+03  0.4043333E+03  0.4635000E+03  0.6666667E+00  0.1666667E+00  0.1666667E-01
 1999 230 21:54:56     0.0       0.0    0.7449773E+02  0.2963637E+01  0.4113636E+00  0.1363636E+00  0.1227273E+01  0.8003637E+02  0.4287455E+03  0.4057273E+03  0.4606728E+03  0.0000000E+00  0.0000000E+00  0.0000000E+00
 1999 230 21:58:01     0.0       0.0    0.0000000E+00  0.0000000E+00  0.0000000E+00  0.0000000E+00  0.0000000E+00  0.0000000E+00  0.0000000E+00  0.0000000E+00  0.0000000E+00  0.0000000E+00  0.0000000E+00  0.0000000E+00
    0   0  0:00:00     0.0       0.0    0.0000000E+00  0.0000000E+00  0.0000000E+00  0.0000000E+00  0.0000000E+00  0.0000000E+00  0.0000000E+00  0.0000000E+00  0.0000000E+00  0.0000000E+00  0.0000000E+00  0.0000000E+00
    0   0  0:00:00     0.0       0.0    0.5230769E+01  0.1538462E+00  0.5769231E-01  0.0000000E+00  0.0000000E+00  0.5711538E+01  0.1587692E+03  0.1812308E+03  0.1520000E+03  0.0000000E+00  0.0000000E+00  0.0000000E+00
 1999 230 23:05:50     0.0       0.0    0.6066667E+01  0.1000000E+00  0.3333334E-01  0.0000000E+00  0.0000000E+00  0.6650000E+01  0.1674667E+03  0.1736000E+03  0.1618667E+03  0.0000000E+00  0.0000000E+00  0.0000000E+00
 1999 230 23:08:54     0.0       0.0    0.6716667E+01  0.1333333E+00  0.0000000E+00  0.0000000E+00  0.0000000E+00  0.7216667E+01  0.1696000E+03  0.1597333E+03  0.1474667E+03  0.0000000E+00  0.0000000E+00  0.0000000E+00
 1999 230 23:11:59     0.0       0.0    0.6045455E+01  0.2272727E+00  0.4545455E-01  0.0000000E+00  0.0000000E+00  0.6818182E+01  0.1567273E+03  0.1501818E+03  0.1538182E+03  0.0000000E+00  0.0000000E+00  0.0000000E+00
    0   0  0:00:00     0.0       0.0    0.9536667E+02  0.3333333E+01  0.6166667E+00  0.3666667E+00  0.2066667E+01  0.1019167E+03  0.4754000E+03  0.4581333E+03  0.4936333E+03  0.3000000E+00  0.8333334E-01  0.0000000E+00
 1999 230 23:17:39     0.0       0.0    0.8906667E+02  0.3833333E+01  0.7500000E+00  0.3000000E+00  0.3033333E+01  0.9593333E+02  0.4536667E+03  0.4478667E+03  0.4707667E+03  0.4166667E+00  0.6666667E-01  0.0000000E+00
 1999 230 23:20:43     0.0       0.0    0.6898333E+02  0.3216667E+01  0.5833333E+00  0.1500000E+00  0.1966667E+01  0.7458334E+02  0.3932667E+03  0.3570000E+03  0.3818333E+03  0.2333333E+00  0.5000000E-01  0.1666667E-01
 1999 230 23:23:49     0.0       0.0    0.5586666E+02  0.3066667E+01  0.3333333E+00  0.2500000E+00  0.1416667E+01  0.6101667E+02  0.3568000E+03  0.3293333E+03  0.3459000E+03  0.1666667E+00  0.6666667E-01  0.0000000E+00
 1999 230 23:26:54     0.0       0.0    0.7210000E+02  0.4483333E+01  0.3166667E+00  0.2500000E+00  0.9833333E+00  0.7891666E+02  0.4130333E+03  0.3722667E+03  0.4357000E+03  0.6666667E-01  0.1000000E+00  0.0000000E+00
 1999 230 23:29:58     0.0       0.0    0.9140000E+02  0.5350000E+01  0.5833333E+00  0.3000000E+00  0.1666667E+01  0.9978333E+02  0.4883000E+03  0.4802000E+03  0.5719000E+03  0.1333333E+00  0.5000000E-01  0.3333334E-01
 1999 230 23:33:04     0.0       0.0    0.4850000E+02  0.2050000E+01  0.2333333E+00  0.5000000E-01  0.3166667E+00  0.5238334E+02  0.3421333E+03  0.2851333E+03  0.2965667E+03  0.5000000E-01  0.5000000E-01  0.0000000E+00
 1999 230 23:36:09     0.0       0.0    0.2593333E+02  0.9666666E+00  0.1666667E-01  0.6666667E-01  0.8333334E-01  0.2776667E+02  0.1860000E+03  0.1710000E+03  0.1935000E+03  0.3333334E-01  0.0000000E+00  0.1666667E-01
 1999 230 23:39:13     0.0       0.0    0.3956667E+02  0.1900000E+01  0.2166667E+00  0.1333333E+00  0.3000000E+00  0.4318333E+02  0.2487000E+03  0.2595333E+03  0.2600333E+03  0.6666667E-01  0.5000000E-01  0.0000000E+00
 1999 230 23:42:18     0.0       0.0    0.9310000E+02  0.4450000E+01  0.5333334E+00  0.3166667E+00  0.1566667E+01  0.1005833E+03  0.5075667E+03  0.4735333E+03  0.5127000E+03  0.3166667E+00  0.6666667E-01  0.0000000E+00
 1999 230 23:45:24     0.0       0.0    0.7148333E+02  0.3766667E+01  0.5333334E+00  0.2833333E+00  0.9833333E+00  0.7780000E+02  0.4236667E+03  0.3848667E+03  0.4138333E+03  0.2000000E+00  0.8333334E-01  0.0000000E+00
 1999 230 23:48:28     0.0       0.0    0.1296667E+03  0.7416667E+01  0.7500000E+00  0.5333334E+00  0.2083333E+01  0.1411000E+03  0.6608000E+03  0.6572000E+03  0.7604667E+03  0.4500000E+00  0.2000000E+00  0.0000000E+00
