1994 353 20:48   45.10  -46.14   -2.05
1994 353 21:00   45.10  -46.11   -2.05
1994 353 21:12   45.10  -46.08   -2.05
1994 353 21:24   45.09  -46.05   -2.05
1994 353 21:36   45.09  -46.02   -2.06
1994 353 21:48   45.09  -45.99   -2.06
1994 353 22:00   45.08  -45.95   -2.06
1994 353 22:12   45.08  -45.92   -2.06
1994 353 22:24   45.08  -45.89   -2.06
1994 353 22:36   45.07  -45.86   -2.06
1994 353 22:48   45.07  -45.82   -2.06
1994 353 23:00   45.06  -45.79   -2.06
1994 353 23:12   45.06  -45.76   -2.07
1994 353 23:24   45.06  -45.72   -2.07
1994 353 23:36   45.05  -45.69   -2.07
1994 353 23:48   45.05  -45.66   -2.07
1994 354 00:00   45.04  -45.62   -2.07
1994 354 00:12   45.04  -45.59   -2.07
1994 354 00:24   45.03  -45.56   -2.07
1994 354 00:36   45.03  -45.52   -2.07
1994 354 00:48   45.02  -45.49   -2.07
1994 354 01:00   45.02  -45.45   -2.07
1994 354 01:12   45.01  -45.42   -2.08
1994 354 01:24   45.01  -45.38   -2.08
1994 354 01:36   45.00  -45.35   -2.08
1994 354 01:48   44.99  -45.32   -2.08
1994 354 02:00   44.99  -45.28   -2.08
1994 354 02:12   44.98  -45.25   -2.08
1994 354 02:24   44.98  -45.21   -2.08
1994 354 02:36   44.97  -45.17   -2.08
1994 354 02:48   44.96  -45.14   -2.08
1994 354 03:00   44.96  -45.10   -2.09
1994 354 03:12   44.95  -45.07   -2.09
1994 354 03:24   44.94  -45.03   -2.09
1994 354 03:36   44.94  -45.00   -2.09
1994 354 03:48   44.93  -44.96   -2.09
1994 354 04:00   44.92  -44.92   -2.09
1994 354 04:12   44.91  -44.89   -2.09
1994 354 04:24   44.91  -44.85   -2.09
1994 354 04:36   44.90  -44.81   -2.09
1994 354 04:48   44.89  -44.78   -2.09
1994 354 05:00   44.88  -44.74   -2.09
1994 354 05:12   44.88  -44.70   -2.10
1994 354 05:24   44.87  -44.66   -2.10
1994 354 05:36   44.86  -44.63   -2.10
1994 354 05:48   44.85  -44.59   -2.10
1994 354 06:00   44.84  -44.55   -2.10
1994 354 06:12   44.83  -44.51   -2.10
1994 354 06:24   44.83  -44.48   -2.10
1994 354 06:36   44.82  -44.44   -2.10
1994 354 06:48   44.81  -44.40   -2.10
1994 354 07:00   44.80  -44.36   -2.10
1994 354 07:12   44.79  -44.32   -2.10
1994 354 07:24   44.78  -44.28   -2.11
1994 354 07:36   44.77  -44.24   -2.11
1994 354 07:48   44.76  -44.20   -2.11
1994 354 08:00   44.75  -44.17   -2.11
1994 354 08:12   44.74  -44.13   -2.11
1994 354 08:24   44.73  -44.09   -2.11
1994 354 08:36   44.72  -44.05   -2.11
1994 354 08:48   44.71  -44.01   -2.11
1994 354 09:00   44.70  -43.97   -2.11
1994 354 09:12   44.69  -43.93   -2.11
1994 354 09:24   44.68  -43.89   -2.11
1994 354 09:36   44.67  -43.85   -2.11
1994 354 09:48   44.66  -43.81   -2.11
1994 354 10:00   44.65  -43.76   -2.12
1994 354 10:12   44.64  -43.72   -2.12
1994 354 10:24   44.63  -43.68   -2.12
1994 354 10:36   44.61  -43.64   -2.12
1994 354 10:48   44.60  -43.60   -2.12
1994 354 11:00   44.59  -43.56   -2.12
1994 354 11:12   44.58  -43.52   -2.12
1994 354 11:24   44.57  -43.48   -2.12
1994 354 11:36   44.56  -43.43   -2.12
1994 354 11:48   44.54  -43.39   -2.12
1994 354 12:00   44.53  -43.35   -2.12
1994 354 12:12   44.52  -43.31   -2.12
1994 354 12:24   44.51  -43.26   -2.12
1994 354 12:36   44.49  -43.22   -2.12
1994 354 12:48   44.48  -43.18   -2.13
1994 354 13:00   44.47  -43.14   -2.13
1994 354 13:12   44.45  -43.09   -2.13
1994 354 13:24   44.44  -43.05   -2.13
1994 354 13:36   44.43  -43.01   -2.13
1994 354 13:48   44.41  -42.96   -2.13
1994 354 14:00   44.40  -42.92   -2.13
1994 354 14:12   44.39  -42.88   -2.13
1994 354 14:24   44.37  -42.83   -2.13
1994 354 14:36   44.36  -42.79   -2.13
1994 354 14:48   44.35  -42.74   -2.13
1994 354 15:00   44.33  -42.70   -2.13
1994 354 15:12   44.32  -42.65   -2.13
1994 354 15:24   44.30  -42.61   -2.13
1994 354 15:36   44.29  -42.56   -2.13
1994 354 15:48   44.27  -42.52   -2.13
1994 354 16:00   44.26  -42.47   -2.13
1994 354 16:12   44.24  -42.43   -2.14
1994 354 16:24   44.23  -42.38   -2.14
1994 354 16:36   44.21  -42.34   -2.14
1994 354 16:48   44.20  -42.29   -2.14
1994 354 17:00   44.18  -42.25   -2.14
1994 354 17:12   44.17  -42.20   -2.14
1994 354 17:24   44.15  -42.15   -2.14
1994 354 17:36   44.13  -42.11   -2.14
1994 354 17:48   44.12  -42.06   -2.14
1994 354 18:00   44.10  -42.01   -2.14
1994 354 18:12   44.09  -41.97   -2.14
1994 354 18:24   44.07  -41.92   -2.14
1994 354 18:36   44.05  -41.87   -2.14
1994 354 18:48   44.04  -41.83   -2.14
1994 354 19:00   44.02  -41.78   -2.14
1994 354 19:12   44.00  -41.73   -2.14
1994 354 19:24   43.98  -41.68   -2.14
1994 354 19:36   43.97  -41.63   -2.14
1994 354 19:48   43.95  -41.59   -2.14
1994 354 20:00   43.93  -41.54   -2.14
1994 354 20:12   43.91  -41.49   -2.14
1994 354 20:24   43.90  -41.44   -2.14
1994 354 20:36   43.88  -41.39   -2.14
1994 354 20:48   43.86  -41.34   -2.15
1994 354 21:00   43.84  -41.29   -2.15
1994 354 21:12   43.82  -41.25   -2.15
1994 354 21:24   43.80  -41.20   -2.15
1994 354 21:36   43.78  -41.15   -2.15
1994 354 21:48   43.77  -41.10   -2.15
1994 354 22:00   43.75  -41.05   -2.15
1994 354 22:12   43.73  -41.00   -2.15
1994 354 22:24   43.71  -40.95   -2.15
1994 354 22:36   43.69  -40.90   -2.15
1994 354 22:48   43.67  -40.85   -2.15
1994 354 23:00   43.65  -40.80   -2.15
1994 354 23:12   43.63  -40.74   -2.15
1994 354 23:24   43.61  -40.69   -2.15
1994 354 23:36   43.59  -40.64   -2.15
1994 354 23:48   43.57  -40.59   -2.15
1994 355 00:00   43.55  -40.54   -2.15
1994 355 00:12   43.53  -40.49   -2.15
1994 355 00:24   43.51  -40.44   -2.15
1994 355 00:36   43.49  -40.38   -2.15
1994 355 00:48   43.46  -40.33   -2.15
1994 355 01:00   43.44  -40.28   -2.15
1994 355 01:12   43.42  -40.23   -2.15
1994 355 01:24   43.40  -40.17   -2.15
1994 355 01:36   43.38  -40.12   -2.15
1994 355 01:48   43.36  -40.07   -2.15
1994 355 02:00   43.34  -40.02   -2.15
1994 355 02:12   43.31  -39.96   -2.15
1994 355 02:24   43.29  -39.91   -2.15
1994 355 02:36   43.27  -39.86   -2.15
1994 355 02:48   43.25  -39.80   -2.15
1994 355 03:00   43.22  -39.75   -2.15
1994 355 03:12   43.20  -39.69   -2.15
1994 355 03:24   43.18  -39.64   -2.15
1994 355 03:36   43.15  -39.59   -2.15
1994 355 03:48   43.13  -39.53   -2.15
1994 355 04:00   43.11  -39.48   -2.15
1994 355 04:12   43.08  -39.42   -2.15
1994 355 04:24   43.06  -39.37   -2.15
1994 355 04:36   43.04  -39.31   -2.15
1994 355 04:48   43.01  -39.26   -2.15
1994 355 05:00   42.99  -39.20   -2.15
1994 355 05:12   42.96  -39.15   -2.15
1994 355 05:24   42.94  -39.09   -2.15
1994 355 05:36   42.91  -39.03   -2.15
1994 355 05:48   42.89  -38.98   -2.15
1994 355 06:00   42.86  -38.92   -2.15
1994 355 06:12   42.84  -38.86   -2.15
1994 355 06:24   42.81  -38.81   -2.15
1994 355 06:36   42.79  -38.75   -2.15
1994 355 06:48   42.76  -38.69   -2.15
1994 355 07:00   42.74  -38.64   -2.15
1994 355 07:12   42.71  -38.58   -2.15
1994 355 07:24   42.68  -38.52   -2.15
1994 355 07:36   42.66  -38.46   -2.15
1994 355 07:48   42.63  -38.41   -2.15
1994 355 08:00   42.61  -38.35   -2.15
1994 355 08:12   42.58  -38.29   -2.15
1994 355 08:24   42.55  -38.23   -2.15
1994 355 08:36   42.52  -38.17   -2.15
1994 355 08:48   42.50  -38.11   -2.15
1994 355 09:00   42.47  -38.05   -2.15
1994 355 09:12   42.44  -38.00   -2.15
1994 355 09:24   42.41  -37.94   -2.15
1994 355 09:36   42.39  -37.88   -2.15
1994 355 09:48   42.36  -37.82   -2.15
1994 355 10:00   42.33  -37.76   -2.15
1994 355 10:12   42.30  -37.70   -2.15
1994 355 10:24   42.27  -37.64   -2.15
1994 355 10:36   42.25  -37.58   -2.15
1994 355 10:48   42.22  -37.52   -2.15
1994 355 11:00   42.19  -37.46   -2.15
1994 355 11:12   42.16  -37.40   -2.15
1994 355 11:24   42.13  -37.33   -2.15
1994 355 11:36   42.10  -37.27   -2.15
1994 355 11:48   42.07  -37.21   -2.15
1994 355 12:00   42.04  -37.15   -2.15
1994 355 12:12   42.01  -37.09   -2.15
1994 355 12:24   41.98  -37.03   -2.15
1994 355 12:36   41.95  -36.96   -2.15
1994 355 12:48   41.92  -36.90   -2.15
1994 355 13:00   41.89  -36.84   -2.14
1994 355 13:12   41.86  -36.78   -2.14
1994 355 13:24   41.83  -36.71   -2.14
1994 355 13:36   41.80  -36.65   -2.14
1994 355 13:48   41.76  -36.59   -2.14
1994 355 14:00   41.73  -36.52   -2.14
1994 355 14:12   41.70  -36.46   -2.14
1994 355 14:24   41.67  -36.40   -2.14
1994 355 14:36   41.64  -36.33   -2.14
1994 355 14:48   41.60  -36.27   -2.14
1994 355 15:00   41.57  -36.21   -2.14
1994 355 15:12   41.54  -36.14   -2.14
1994 355 15:24   41.51  -36.08   -2.14
1994 355 15:36   41.47  -36.01   -2.14
1994 355 15:48   41.44  -35.95   -2.14
1994 355 16:00   41.41  -35.88   -2.14
1994 355 16:12   41.37  -35.82   -2.14
1994 355 16:24   41.34  -35.75   -2.14
1994 355 16:36   41.31  -35.68   -2.14
1994 355 16:48   41.27  -35.62   -2.14
1994 355 17:00   41.24  -35.55   -2.14
1994 355 17:12   41.20  -35.49   -2.13
1994 355 17:24   41.17  -35.42   -2.13
1994 355 17:36   41.14  -35.35   -2.13
1994 355 17:48   41.10  -35.29   -2.13
1994 355 18:00   41.07  -35.22   -2.13
1994 355 18:12   41.03  -35.15   -2.13
1994 355 18:24   40.99  -35.09   -2.13
1994 355 18:36   40.96  -35.02   -2.13
1994 355 18:48   40.92  -34.95   -2.13
1994 355 19:00   40.89  -34.88   -2.13
1994 355 19:12   40.85  -34.81   -2.13
1994 355 19:24   40.81  -34.75   -2.13
1994 355 19:36   40.78  -34.68   -2.13
1994 355 19:48   40.74  -34.61   -2.13
1994 355 20:00   40.70  -34.54   -2.12
1994 355 20:12   40.67  -34.47   -2.12
1994 355 20:24   40.63  -34.40   -2.12
1994 355 20:36   40.59  -34.33   -2.12
1994 355 20:48   40.55  -34.26   -2.12
1994 355 21:00   40.52  -34.19   -2.12
1994 355 21:12   40.48  -34.12   -2.12
1994 355 21:24   40.44  -34.05   -2.12
1994 355 21:36   40.40  -33.98   -2.12
1994 355 21:48   40.36  -33.91   -2.12
1994 355 22:00   40.32  -33.84   -2.12
1994 355 22:12   40.29  -33.77   -2.12
1994 355 22:24   40.25  -33.70   -2.12
1994 355 22:36   40.21  -33.63   -2.11
1994 355 22:48   40.17  -33.55   -2.11
1994 355 23:00   40.13  -33.48   -2.11
1994 355 23:12   40.09  -33.41   -2.11
1994 355 23:24   40.05  -33.34   -2.11
1994 355 23:36   40.01  -33.26   -2.11
1994 355 23:48   39.97  -33.19   -2.11
1994 356 00:00   39.93  -33.12   -2.11
1994 356 00:12   39.88  -33.05   -2.11
1994 356 00:24   39.84  -32.97   -2.11
1994 356 00:36   39.80  -32.90   -2.10
1994 356 00:48   39.76  -32.83   -2.10
1994 356 01:00   39.72  -32.75   -2.10
1994 356 01:12   39.68  -32.68   -2.10
1994 356 01:24   39.63  -32.60   -2.10
1994 356 01:36   39.59  -32.53   -2.10
1994 356 01:48   39.55  -32.45   -2.10
1994 356 02:00   39.51  -32.38   -2.10
1994 356 02:12   39.46  -32.30   -2.10
1994 356 02:24   39.42  -32.23   -2.09
1994 356 02:36   39.38  -32.15   -2.09
1994 356 02:48   39.33  -32.08   -2.09
1994 356 03:00   39.29  -32.00   -2.09
1994 356 03:12   39.24  -31.93   -2.09
1994 356 03:24   39.20  -31.85   -2.09
1994 356 03:36   39.16  -31.77   -2.09
1994 356 03:48   39.11  -31.70   -2.09
1994 356 04:00   39.07  -31.62   -2.09
1994 356 04:12   39.02  -31.54   -2.08
1994 356 04:24   38.97  -31.46   -2.08
1994 356 04:36   38.93  -31.39   -2.08
1994 356 04:48   38.88  -31.31   -2.08
1994 356 05:00   38.84  -31.23   -2.08
1994 356 05:12   38.79  -31.15   -2.08
1994 356 05:24   38.74  -31.07   -2.08
1994 356 05:36   38.70  -30.99   -2.07
1994 356 05:48   38.65  -30.92   -2.07
1994 356 06:00   38.60  -30.84   -2.07
1994 356 06:12   38.56  -30.76   -2.07
1994 356 06:24   38.51  -30.68   -2.07
1994 356 06:36   38.46  -30.60   -2.07
1994 356 06:48   38.41  -30.52   -2.07
1994 356 07:00   38.36  -30.44   -2.06
1994 356 07:12   38.32  -30.36   -2.06
1994 356 07:24   38.27  -30.28   -2.06
1994 356 07:36   38.22  -30.20   -2.06
1994 356 07:48   38.17  -30.11   -2.06
1994 356 08:00   38.12  -30.03   -2.06
1994 356 08:12   38.07  -29.95   -2.06
1994 356 08:24   38.02  -29.87   -2.05
1994 356 08:36   37.97  -29.79   -2.05
1994 356 08:48   37.92  -29.70   -2.05
1994 356 09:00   37.87  -29.62   -2.05
1994 356 09:12   37.82  -29.54   -2.05
1994 356 09:24   37.76  -29.46   -2.05
1994 356 09:36   37.71  -29.37   -2.04
1994 356 09:48   37.66  -29.29   -2.04
1994 356 10:00   37.61  -29.21   -2.04
1994 356 10:12   37.56  -29.12   -2.04
1994 356 10:24   37.50  -29.04   -2.04
1994 356 10:36   37.45  -28.95   -2.04
1994 356 10:48   37.40  -28.87   -2.03
1994 356 11:00   37.35  -28.78   -2.03
1994 356 11:12   37.29  -28.70   -2.03
1994 356 11:24   37.24  -28.61   -2.03
1994 356 11:36   37.18  -28.53   -2.03
1994 356 11:48   37.13  -28.44   -2.03
1994 356 12:00   37.08  -28.36   -2.02
1994 356 12:12   37.02  -28.27   -2.02
1994 356 12:24   36.97  -28.18   -2.02
1994 356 12:36   36.91  -28.10   -2.02
1994 356 12:48   36.85  -28.01   -2.02
1994 356 13:00   36.80  -27.92   -2.01
1994 356 13:12   36.74  -27.84   -2.01
1994 356 13:24   36.69  -27.75   -2.01
1994 356 13:36   36.63  -27.66   -2.01
1994 356 13:48   36.57  -27.57   -2.01
1994 356 14:00   36.52  -27.48   -2.00
1994 356 14:12   36.46  -27.39   -2.00
1994 356 14:24   36.40  -27.31   -2.00
1994 356 14:36   36.34  -27.22   -2.00
1994 356 14:48   36.28  -27.13   -2.00
1994 356 15:00   36.22  -27.04   -1.99
1994 356 15:12   36.17  -26.95   -1.99
1994 356 15:24   36.11  -26.86   -1.99
1994 356 15:36   36.05  -26.77   -1.99
1994 356 15:48   35.99  -26.68   -1.99
1994 356 16:00   35.93  -26.58   -1.98
1994 356 16:12   35.87  -26.49   -1.98
1994 356 16:24   35.81  -26.40   -1.98
1994 356 16:36   35.75  -26.31   -1.98
1994 356 16:48   35.68  -26.22   -1.98
1994 356 17:00   35.62  -26.13   -1.97
1994 356 17:12   35.56  -26.03   -1.97
1994 356 17:24   35.50  -25.94   -1.97
1994 356 17:36   35.44  -25.85   -1.97
1994 356 17:48   35.37  -25.75   -1.96
1994 356 18:00   35.31  -25.66   -1.96
1994 356 18:12   35.25  -25.57   -1.96
1994 356 18:24   35.18  -25.47   -1.96
1994 356 18:36   35.12  -25.38   -1.95
1994 356 18:48   35.06  -25.28   -1.95
1994 356 19:00   34.99  -25.19   -1.95
1994 356 19:12   34.93  -25.09   -1.95
1994 356 19:24   34.86  -25.00   -1.94
1994 356 19:36   34.80  -24.90   -1.94
1994 356 19:48   34.73  -24.81   -1.94
1994 356 20:00   34.66  -24.71   -1.94
1994 356 20:12   34.60  -24.61   -1.93
1994 356 20:24   34.53  -24.52   -1.93
1994 356 20:36   34.46  -24.42   -1.93
1994 356 20:48   34.40  -24.32   -1.93
1994 356 21:00   34.33  -24.23   -1.92
1994 356 21:12   34.26  -24.13   -1.92
1994 356 21:24   34.19  -24.03   -1.92
1994 356 21:36   34.12  -23.93   -1.92
1994 356 21:48   34.05  -23.83   -1.91
1994 356 22:00   33.98  -23.73   -1.91
1994 356 22:12   33.91  -23.63   -1.91
1994 356 22:24   33.84  -23.53   -1.91
1994 356 22:36   33.77  -23.43   -1.90
1994 356 22:48   33.70  -23.33   -1.90
1994 356 23:00   33.63  -23.23   -1.90
1994 356 23:12   33.56  -23.13   -1.89
1994 356 23:24   33.49  -23.03   -1.89
1994 356 23:36   33.41  -22.93   -1.89
1994 356 23:48   33.34  -22.83   -1.88
1994 357 00:00   33.27  -22.73   -1.88
1994 357 00:12   33.20  -22.62   -1.88
1994 357 00:24   33.12  -22.52   -1.88
1994 357 00:36   33.05  -22.42   -1.87
1994 357 00:48   32.97  -22.32   -1.87
1994 357 01:00   32.90  -22.21   -1.87
1994 357 01:12   32.82  -22.11   -1.86
1994 357 01:24   32.75  -22.00   -1.86
1994 357 01:36   32.67  -21.90   -1.86
1994 357 01:48   32.59  -21.79   -1.85
1994 357 02:00   32.52  -21.69   -1.85
1994 357 02:12   32.44  -21.58   -1.85
1994 357 02:24   32.36  -21.48   -1.84
1994 357 02:36   32.28  -21.37   -1.84
1994 357 02:48   32.21  -21.27   -1.84
1994 357 03:00   32.13  -21.16   -1.83
1994 357 03:12   32.05  -21.05   -1.83
1994 357 03:24   31.97  -20.95   -1.83
1994 357 03:36   31.89  -20.84   -1.82
1994 357 03:48   31.81  -20.73   -1.82
1994 357 04:00   31.73  -20.62   -1.82
1994 357 04:12   31.64  -20.51   -1.81
1994 357 04:24   31.56  -20.40   -1.81
1994 357 04:36   31.48  -20.30   -1.81
1994 357 04:48   31.40  -20.19   -1.80
1994 357 05:00   31.31  -20.08   -1.80
1994 357 05:12   31.23  -19.97   -1.80
1994 357 05:24   31.15  -19.86   -1.79
1994 357 05:36   31.06  -19.74   -1.79
1994 357 05:48   30.98  -19.63   -1.79
1994 357 06:00   30.89  -19.52   -1.78
1994 357 06:12   30.80  -19.41   -1.78
1994 357 06:24   30.72  -19.30   -1.77
1994 357 06:36   30.63  -19.18   -1.77
1994 357 06:48   30.54  -19.07   -1.77
1994 357 07:00   30.46  -18.96   -1.76
1994 357 07:12   30.37  -18.84   -1.76
1994 357 07:24   30.28  -18.73   -1.75
1994 357 07:36   30.19  -18.62   -1.75
1994 357 07:48   30.10  -18.50   -1.75
1994 357 08:00   30.01  -18.39   -1.74
1994 357 08:12   29.92  -18.27   -1.74
1994 357 08:24   29.83  -18.16   -1.73
1994 357 08:36   29.73  -18.04   -1.73
1994 357 08:48   29.64  -17.92   -1.73
1994 357 09:00   29.55  -17.81   -1.72
1994 357 09:12   29.45  -17.69   -1.72
1994 357 09:24   29.36  -17.57   -1.71
1994 357 09:36   29.27  -17.45   -1.71
1994 357 09:48   29.17  -17.33   -1.70
1994 357 10:00   29.08  -17.22   -1.70
1994 357 10:12   28.98  -17.10   -1.70
1994 357 10:24   28.88  -16.98   -1.69
1994 357 10:36   28.78  -16.86   -1.69
1994 357 10:48   28.69  -16.74   -1.68
1994 357 11:00   28.59  -16.62   -1.68
1994 357 11:12   28.49  -16.49   -1.67
1994 357 11:24   28.39  -16.37   -1.67
1994 357 11:36   28.29  -16.25   -1.66
1994 357 11:48   28.19  -16.13   -1.66
1994 357 12:00   28.09  -16.01   -1.65
1994 357 12:12   27.98  -15.88   -1.65
1994 357 12:24   27.88  -15.76   -1.65
1994 357 12:36   27.78  -15.63   -1.64
1994 357 12:48   27.67  -15.51   -1.64
1994 357 13:00   27.57  -15.39   -1.63
1994 357 13:12   27.46  -15.26   -1.63
1994 357 13:24   27.36  -15.13   -1.62
1994 357 13:36   27.25  -15.01   -1.62
1994 357 13:48   27.14  -14.88   -1.61
1994 357 14:00   27.03  -14.76   -1.60
1994 357 14:12   26.93  -14.63   -1.60
1994 357 14:24   26.82  -14.50   -1.59
1994 357 14:36   26.71  -14.37   -1.59
1994 357 14:48   26.60  -14.24   -1.58
1994 357 15:00   26.48  -14.11   -1.58
1994 357 15:12   26.37  -13.98   -1.57
1994 357 15:24   26.26  -13.85   -1.57
1994 357 15:36   26.14  -13.72   -1.56
1994 357 15:48   26.03  -13.59   -1.56
1994 357 16:00   25.91  -13.46   -1.55
1994 357 16:12   25.80  -13.33   -1.55
1994 357 16:24   25.68  -13.20   -1.54
1994 357 16:36   25.56  -13.06   -1.53
1994 357 16:48   25.44  -12.93   -1.53
1994 357 17:00   25.32  -12.80   -1.52
1994 357 17:12   25.20  -12.66   -1.52
1994 357 17:24   25.08  -12.53   -1.51
1994 357 17:36   24.96  -12.39   -1.50
1994 357 17:48   24.84  -12.26   -1.50
1994 357 18:00   24.71  -12.12   -1.49
1994 357 18:12   24.59  -11.98   -1.49
1994 357 18:24   24.46  -11.85   -1.48
1994 357 18:36   24.34  -11.71   -1.47
1994 357 18:48   24.21  -11.57   -1.47
1994 357 19:00   24.08  -11.43   -1.46
1994 357 19:12   23.95  -11.29   -1.45
1994 357 19:24   23.82  -11.15   -1.45
1994 357 19:36   23.69  -11.01   -1.44
1994 357 19:48   23.56  -10.87   -1.43
1994 357 20:00   23.42  -10.73   -1.43
1994 357 20:12   23.29  -10.59   -1.42
1994 357 20:24   23.15  -10.45   -1.41
1994 357 20:36   23.02  -10.30   -1.41
1994 357 20:48   22.88  -10.16   -1.40
1994 357 21:00   22.74  -10.02   -1.39
1994 357 21:12   22.60   -9.87   -1.39
1994 357 21:24   22.46   -9.73   -1.38
1994 357 21:36   22.32   -9.58   -1.37
1994 357 21:48   22.17   -9.43   -1.36
1994 357 22:00   22.03   -9.29   -1.36
1994 357 22:12   21.88   -9.14   -1.35
1994 357 22:24   21.74   -8.99   -1.34
1994 357 22:36   21.59   -8.84   -1.33
1994 357 22:48   21.44   -8.69   -1.33
1994 357 23:00   21.29   -8.54   -1.32
1994 357 23:12   21.13   -8.39   -1.31
1994 357 23:24   20.98   -8.24   -1.30
1994 357 23:36   20.83   -8.09   -1.29
1994 357 23:48   20.67   -7.94   -1.29
1994 358 00:00   20.51   -7.78   -1.28
1994 358 00:12   20.35   -7.63   -1.27
1994 358 00:24   20.19   -7.48   -1.26
1994 358 00:36   20.03   -7.32   -1.25
1994 358 00:48   19.86   -7.17   -1.24
1994 358 01:00   19.70   -7.01   -1.23
1994 358 01:12   19.53   -6.85   -1.22
1994 358 01:24   19.36   -6.70   -1.22
1994 358 01:36   19.19   -6.54   -1.21
1994 358 01:48   19.02   -6.38   -1.20
1994 358 02:00   18.84   -6.22   -1.19
1994 358 02:12   18.67   -6.06   -1.18
1994 358 02:24   18.49   -5.90   -1.17
1994 358 02:36   18.31   -5.74   -1.16
1994 358 02:48   18.13   -5.57   -1.15
1994 358 03:00   17.94   -5.41   -1.14
1994 358 03:12   17.75   -5.25   -1.13
1994 358 03:24   17.57   -5.08   -1.12
1994 358 03:36   17.37   -4.92   -1.11
1994 358 03:48   17.18   -4.75   -1.10
1994 358 04:00   16.99   -4.59   -1.09
1994 358 04:12   16.79   -4.42   -1.08
1994 358 04:24   16.59   -4.25   -1.06
1994 358 04:36   16.38   -4.08   -1.05
1994 358 04:48   16.18   -3.91   -1.04
1994 358 05:00   15.97   -3.74   -1.03
1994 358 05:12   15.76   -3.57   -1.02
1994 358 05:24   15.55   -3.40   -1.01
1994 358 05:36   15.33   -3.23   -0.99
1994 358 05:48   15.11   -3.05   -0.98
1994 358 06:00   14.88   -2.88   -0.97
1994 358 06:12   14.66   -2.70   -0.96
1994 358 06:24   14.43   -2.53   -0.94
1994 358 06:36   14.19   -2.35   -0.93
1994 358 06:48   13.96   -2.18   -0.92
1994 358 07:00   13.72   -2.00   -0.90
1994 358 07:12   13.47   -1.82   -0.89
1994 358 07:24   13.22   -1.64   -0.87
1994 358 07:36   12.97   -1.46   -0.86
1994 358 07:48   12.71   -1.28   -0.85
1994 358 08:00   12.44   -1.10   -0.83
1994 358 08:12   12.18   -0.92   -0.81
1994 358 08:24   11.90   -0.74   -0.80
1994 358 08:36   11.62   -0.56   -0.78
1994 358 08:48   11.34   -0.38   -0.77
1994 358 09:00   11.05   -0.19   -0.75
1994 358 09:12   10.75   -0.01   -0.73
1994 358 09:24   10.45    0.17   -0.71
1994 358 09:36   10.14    0.36   -0.69
1994 358 09:48    9.82    0.54   -0.68
1994 358 10:00    9.49    0.72   -0.66
1994 358 10:12    9.15    0.90   -0.64
1994 358 10:24    8.81    1.08   -0.61
1994 358 10:36    8.45    1.26   -0.59
1994 358 10:48    8.09    1.44   -0.57
1994 358 11:00    7.71    1.62   -0.55
1994 358 11:12    7.32    1.79   -0.52
1994 358 11:24    6.92    1.96   -0.50
1994 358 11:36    6.50    2.13   -0.47
1994 358 11:48    6.07    2.29   -0.45
1994 358 12:00    5.62    2.44   -0.42
1994 358 12:12    5.15    2.59   -0.39
1994 358 12:24    4.66    2.73   -0.36
1994 358 12:36    4.14    2.85   -0.32
1994 358 12:48    3.60    2.95   -0.29
1994 358 13:00    3.03    3.04   -0.25
1994 358 13:12    2.43    3.09   -0.21
1994 358 13:24    1.80    3.10   -0.17
1994 358 13:36    1.14    3.05   -0.12
1994 358 13:48    0.45    2.94   -0.07
1994 358 14:00   -0.25    2.74   -0.02
1994 358 14:12   -0.94    2.43    0.03
1994 358 14:24   -1.59    2.02    0.08
1994 358 14:36   -2.16    1.51    0.13
1994 358 14:48   -2.65    0.94    0.17
1994 358 15:00   -3.03    0.34    0.20
1994 358 15:12   -3.34   -0.28    0.23
1994 358 15:24   -3.58   -0.89    0.26
1994 358 15:36   -3.75   -1.48    0.28
1994 358 15:48   -3.89   -2.06    0.29
1994 358 16:00   -3.99   -2.62    0.31
1994 358 16:12   -4.05   -3.16    0.32
1994 358 16:24   -4.10   -3.69    0.33
1994 358 16:36   -4.13   -4.19    0.34
1994 358 16:48   -4.14   -4.68    0.35
1994 358 17:00   -4.13   -5.15    0.35
1994 358 17:12   -4.12   -5.61    0.36
1994 358 17:24   -4.09   -6.06    0.36
1994 358 17:36   -4.06   -6.49    0.37
1994 358 17:48   -4.02   -6.91    0.37
1994 358 18:00   -3.97   -7.32    0.37
1994 358 18:12   -3.92   -7.72    0.38
1994 358 18:24   -3.87   -8.12    0.38
1994 358 18:36   -3.81   -8.50    0.38
1994 358 18:48   -3.74   -8.87    0.38
1994 358 19:00   -3.68   -9.24    0.38
1994 358 19:12   -3.61   -9.60    0.38
1994 358 19:24   -3.53   -9.95    0.38
1994 358 19:36   -3.46  -10.30    0.38
1994 358 19:48   -3.38  -10.64    0.38
1994 358 20:00   -3.30  -10.97    0.38
1994 358 20:12   -3.22  -11.30    0.38
1994 358 20:24   -3.14  -11.62    0.38
1994 358 20:36   -3.06  -11.93    0.37
1994 358 20:48   -2.98  -12.25    0.37
1994 358 21:00   -2.89  -12.55    0.37
1994 358 21:12   -2.80  -12.85    0.37
1994 358 21:24   -2.72  -13.15    0.37
1994 358 21:36   -2.63  -13.44    0.37
1994 358 21:48   -2.54  -13.73    0.36
1994 358 22:00   -2.45  -14.02    0.36
1994 358 22:12   -2.36  -14.30    0.36
1994 358 22:24   -2.27  -14.58    0.36
1994 358 22:36   -2.18  -14.85    0.35
1994 358 22:48   -2.09  -15.12    0.35
1994 358 23:00   -2.00  -15.39    0.35
1994 358 23:12   -1.91  -15.65    0.35
1994 358 23:24   -1.81  -15.91    0.34
1994 358 23:36   -1.72  -16.17    0.34
1994 358 23:48   -1.63  -16.43    0.34
1994 359 00:00   -1.53  -16.68    0.33
1994 359 00:12   -1.44  -16.93    0.33
1994 359 00:24   -1.35  -17.17    0.33
1994 359 00:36   -1.25  -17.42    0.32
1994 359 00:48   -1.16  -17.66    0.32
1994 359 01:00   -1.07  -17.90    0.32
1994 359 01:12   -0.97  -18.13    0.31
1994 359 01:24   -0.88  -18.37    0.31
1994 359 01:36   -0.78  -18.60    0.31
1994 359 01:48   -0.69  -18.83    0.30
1994 359 02:00   -0.60  -19.05    0.30
1994 359 02:12   -0.50  -19.28    0.30
1994 359 02:24   -0.41  -19.50    0.29
1994 359 02:36   -0.31  -19.72    0.29
1994 359 02:48   -0.22  -19.94    0.29
1994 359 03:00   -0.13  -20.16    0.28
1994 359 03:12   -0.03  -20.37    0.28
1994 359 03:24    0.06  -20.58    0.28
1994 359 03:36    0.15  -20.79    0.27
1994 359 03:48    0.25  -21.00    0.27
1994 359 04:00    0.34  -21.21    0.26
1994 359 04:12    0.44  -21.42    0.26
1994 359 04:24    0.53  -21.62    0.26
1994 359 04:36    0.62  -21.82    0.25
1994 359 04:48    0.72  -22.02    0.25
1994 359 05:00    0.81  -22.22    0.24
1994 359 05:12    0.90  -22.42    0.24
1994 359 05:24    0.99  -22.62    0.24
1994 359 05:36    1.09  -22.81    0.23
1994 359 05:48    1.18  -23.00    0.23
1994 359 06:00    1.27  -23.19    0.22
1994 359 06:12    1.36  -23.38    0.22
1994 359 06:24    1.46  -23.57    0.22
1994 359 06:36    1.55  -23.76    0.21
1994 359 06:48    1.64  -23.95    0.21
1994 359 07:00    1.73  -24.13    0.20
1994 359 07:12    1.82  -24.31    0.20
1994 359 07:24    1.91  -24.50    0.20
1994 359 07:36    2.01  -24.68    0.19
1994 359 07:48    2.10  -24.86    0.19
1994 359 08:00    2.19  -25.03    0.18
1994 359 08:12    2.28  -25.21    0.18
1994 359 08:24    2.37  -25.39    0.18
1994 359 08:36    2.46  -25.56    0.17
1994 359 08:48    2.55  -25.73    0.17
1994 359 09:00    2.64  -25.91    0.16
1994 359 09:12    2.73  -26.08    0.16
1994 359 09:24    2.82  -26.25    0.16
1994 359 09:36    2.91  -26.41    0.15
1994 359 09:48    3.00  -26.58    0.15
1994 359 10:00    3.09  -26.75    0.14
1994 359 10:12    3.18  -26.91    0.14
1994 359 10:24    3.27  -27.08    0.13
1994 359 10:36    3.35  -27.24    0.13
1994 359 10:48    3.44  -27.40    0.13
1994 359 11:00    3.53  -27.57    0.12
1994 359 11:12    3.62  -27.73    0.12
1994 359 11:24    3.71  -27.89    0.11
1994 359 11:36    3.79  -28.04    0.11
1994 359 11:48    3.88  -28.20    0.10
1994 359 12:00    3.97  -28.36    0.10
1994 359 12:12    4.06  -28.51    0.10
1994 359 12:24    4.14  -28.67    0.09
1994 359 12:36    4.23  -28.82    0.09
1994 359 12:48    4.32  -28.98    0.08
1994 359 13:00    4.40  -29.13    0.08
1994 359 13:12    4.49  -29.28    0.07
1994 359 13:24    4.58  -29.43    0.07
1994 359 13:36    4.66  -29.58    0.07
1994 359 13:48    4.75  -29.73    0.06
1994 359 14:00    4.83  -29.87    0.06
1994 359 14:12    4.92  -30.02    0.05
1994 359 14:24    5.00  -30.17    0.05
1994 359 14:36    5.09  -30.31    0.04
1994 359 14:48    5.17  -30.46    0.04
1994 359 15:00    5.26  -30.60    0.04
1994 359 15:12    5.34  -30.74    0.03
1994 359 15:24    5.43  -30.89    0.03
1994 359 15:36    5.51  -31.03    0.02
1994 359 15:48    5.60  -31.17    0.02
1994 359 16:00    5.68  -31.31    0.01
1994 359 16:12    5.76  -31.45    0.01
1994 359 16:24    5.85  -31.59    0.01
1994 359 16:36    5.93  -31.72    0.00
1994 359 16:48    6.01  -31.86   -0.00
1994 359 17:00    6.10  -32.00   -0.01
1994 359 17:12    6.18  -32.13   -0.01
1994 359 17:24    6.26  -32.27   -0.02
1994 359 17:36    6.34  -32.40   -0.02
1994 359 17:48    6.42  -32.53   -0.02
1994 359 18:00    6.51  -32.67   -0.03
1994 359 18:12    6.59  -32.80   -0.03
1994 359 18:24    6.67  -32.93   -0.04
1994 359 18:36    6.75  -33.06   -0.04
1994 359 18:48    6.83  -33.19   -0.05
1994 359 19:00    6.91  -33.32   -0.05
1994 359 19:12    6.99  -33.45   -0.05
1994 359 19:24    7.07  -33.58   -0.06
1994 359 19:36    7.16  -33.71   -0.06
1994 359 19:48    7.24  -33.83   -0.07
1994 359 20:00    7.32  -33.96   -0.07
1994 359 20:12    7.40  -34.09   -0.08
1994 359 20:24    7.47  -34.21   -0.08
1994 359 20:36    7.55  -34.34   -0.08
1994 359 20:48    7.63  -34.46   -0.09
1994 359 21:00    7.71  -34.58   -0.09
1994 359 21:12    7.79  -34.71   -0.10
1994 359 21:24    7.87  -34.83   -0.10
1994 359 21:36    7.95  -34.95   -0.11
1994 359 21:48    8.03  -35.07   -0.11
1994 359 22:00    8.11  -35.19   -0.12
1994 359 22:12    8.18  -35.31   -0.12
1994 359 22:24    8.26  -35.43   -0.12
1994 359 22:36    8.34  -35.55   -0.13
1994 359 22:48    8.42  -35.67   -0.13
1994 359 23:00    8.50  -35.79   -0.14
1994 359 23:12    8.57  -35.90   -0.14
1994 359 23:24    8.65  -36.02   -0.15
1994 359 23:36    8.73  -36.14   -0.15
1994 359 23:48    8.80  -36.25   -0.15
1994 360 00:00    8.88  -36.37   -0.16
1994 360 00:12    8.96  -36.50   -0.17
1994 360 00:24    9.04  -36.61   -0.18
1994 360 00:36    9.11  -36.72   -0.18
1994 360 00:48    9.19  -36.84   -0.19
1994 360 01:00    9.27  -36.95   -0.19
1994 360 01:12    9.34  -37.06   -0.19
1994 360 01:24    9.42  -37.17   -0.20
1994 360 01:36    9.49  -37.29   -0.20
1994 360 01:48    9.57  -37.40   -0.21
1994 360 02:00    9.64  -37.51   -0.21
1994 360 02:12    9.72  -37.62   -0.22
1994 360 02:24    9.79  -37.73   -0.22
1994 360 02:36    9.87  -37.83   -0.22
1994 360 02:48    9.94  -37.94   -0.23
1994 360 03:00   10.01  -38.05   -0.23
1994 360 03:12   10.09  -38.16   -0.24
1994 360 03:24   10.16  -38.27   -0.24
1994 360 03:36   10.23  -38.37   -0.25
1994 360 03:48   10.31  -38.48   -0.25
1994 360 04:00   10.38  -38.58   -0.26
1994 360 04:12   10.45  -38.69   -0.26
1994 360 04:24   10.53  -38.79   -0.26
1994 360 04:36   10.60  -38.90   -0.27
1994 360 04:48   10.67  -39.00   -0.27
1994 360 05:00   10.74  -39.11   -0.28
1994 360 05:12   10.82  -39.21   -0.28
1994 360 05:24   10.89  -39.31   -0.29
1994 360 05:36   10.96  -39.41   -0.29
1994 360 05:48   11.03  -39.52   -0.29
1994 360 06:00   11.10  -39.62   -0.30
1994 360 06:12   11.18  -39.72   -0.30
1994 360 06:24   11.25  -39.82   -0.31
1994 360 06:36   11.32  -39.92   -0.31
1994 360 06:48   11.39  -40.02   -0.32
1994 360 07:00   11.46  -40.12   -0.32
1994 360 07:12   11.53  -40.22   -0.32
1994 360 07:24   11.60  -40.32   -0.33
1994 360 07:36   11.67  -40.41   -0.33
1994 360 07:48   11.74  -40.51   -0.34
1994 360 08:00   11.81  -40.61   -0.34
1994 360 08:12   11.88  -40.71   -0.35
1994 360 08:24   11.95  -40.80   -0.35
1994 360 08:36   12.02  -40.90   -0.36
1994 360 08:48   12.09  -41.00   -0.36
1994 360 09:00   12.16  -41.09   -0.36
1994 360 09:12   12.23  -41.19   -0.37
1994 360 09:24   12.29  -41.28   -0.37
1994 360 09:36   12.36  -41.38   -0.38
1994 360 09:48   12.43  -41.47   -0.38
1994 360 10:00   12.50  -41.56   -0.39
1994 360 10:12   12.57  -41.66   -0.39
1994 360 10:24   12.64  -41.75   -0.39
1994 360 10:36   12.70  -41.84   -0.40
1994 360 10:48   12.77  -41.93   -0.40
1994 360 11:00   12.84  -42.03   -0.41
1994 360 11:12   12.91  -42.12   -0.41
1994 360 11:24   12.97  -42.21   -0.42
1994 360 11:36   13.04  -42.30   -0.42
1994 360 11:48   13.11  -42.39   -0.42
1994 360 12:00   13.17  -42.48   -0.43
1994 360 12:12   13.24  -42.57   -0.43
1994 360 12:24   13.31  -42.66   -0.44
1994 360 12:36   13.37  -42.75   -0.44
1994 360 12:48   13.44  -42.84   -0.45
1994 360 13:00   13.51  -42.93   -0.45
1994 360 13:12   13.57  -43.02   -0.46
1994 360 13:24   13.64  -43.10   -0.46
1994 360 13:36   13.70  -43.19   -0.46
1994 360 13:48   13.77  -43.28   -0.47
1994 360 14:00   13.83  -43.37   -0.47
1994 360 14:12   13.90  -43.45   -0.48
1994 360 14:24   13.96  -43.54   -0.48
1994 360 14:36   14.03  -43.63   -0.49
1994 360 14:48   14.09  -43.71   -0.49
1994 360 15:00   14.16  -43.80   -0.49
1994 360 15:12   14.22  -43.88   -0.50
1994 360 15:24   14.29  -43.97   -0.50
1994 360 15:36   14.35  -44.05   -0.51
1994 360 15:48   14.41  -44.14   -0.51
1994 360 16:00   14.48  -44.22   -0.52
1994 360 16:12   14.54  -44.31   -0.52
1994 360 16:24   14.60  -44.39   -0.53
1994 360 16:36   14.67  -44.47   -0.53
1994 360 16:48   14.73  -44.56   -0.53
1994 360 17:00   14.79  -44.64   -0.54
1994 360 17:12   14.86  -44.72   -0.54
1994 360 17:24   14.92  -44.80   -0.55
1994 360 17:36   14.98  -44.88   -0.55
1994 360 17:48   15.04  -44.97   -0.56
1994 360 18:00   15.10  -45.05   -0.56
1994 360 18:12   15.17  -45.13   -0.57
1994 360 18:24   15.23  -45.21   -0.57
1994 360 18:36   15.29  -45.29   -0.57
1994 360 18:48   15.35  -45.37   -0.58
1994 360 19:00   15.41  -45.45   -0.58
1994 360 19:12   15.47  -45.53   -0.59
1994 360 19:24   15.54  -45.61   -0.59
1994 360 19:36   15.60  -45.69   -0.60
1994 360 19:48   15.66  -45.77   -0.60
1994 360 20:00   15.72  -45.85   -0.61
1994 360 20:12   15.78  -45.93   -0.61
1994 360 20:24   15.84  -46.01   -0.61
1994 360 20:36   15.90  -46.08   -0.62
1994 360 20:48   15.96  -46.16   -0.62
1994 360 21:00   16.02  -46.24   -0.63
1994 360 21:12   16.08  -46.32   -0.63
1994 360 21:24   16.14  -46.40   -0.64
1994 360 21:36   16.20  -46.47   -0.64
1994 360 21:48   16.26  -46.55   -0.65
1994 360 22:00   16.32  -46.63   -0.65
1994 360 22:12   16.38  -46.70   -0.66
1994 360 22:24   16.43  -46.78   -0.66
1994 360 22:36   16.49  -46.86   -0.66
1994 360 22:48   16.55  -46.93   -0.67
1994 360 23:00   16.61  -47.01   -0.67
1994 360 23:12   16.67  -47.08   -0.68
1994 360 23:24   16.73  -47.16   -0.68
1994 360 23:36   16.78  -47.23   -0.69
1994 360 23:48   16.84  -47.31   -0.69
1994 361 00:00   16.90  -47.38   -0.70
1994 361 00:12   16.96  -47.46   -0.70
1994 361 00:24   17.01  -47.53   -0.71
1994 361 00:36   17.07  -47.61   -0.71
1994 361 00:48   17.13  -47.68   -0.72
1994 361 01:00   17.19  -47.76   -0.72
1994 361 01:12   17.24  -47.83   -0.73
1994 361 01:24   17.30  -47.90   -0.73
1994 361 01:36   17.36  -47.98   -0.74
1994 361 01:48   17.41  -48.05   -0.74
1994 361 02:00   17.47  -48.13   -0.75
1994 361 02:12   17.52  -48.20   -0.75
1994 361 02:24   17.58  -48.27   -0.76
1994 361 02:36   17.64  -48.35   -0.76
1994 361 02:48   17.69  -48.42   -0.77
1994 361 03:00   17.75  -48.49   -0.77
1994 361 03:12   17.80  -48.57   -0.78
1994 361 03:24   17.86  -48.64   -0.78
1994 361 03:36   17.91  -48.71   -0.79
1994 361 03:48   17.97  -48.78   -0.79
1994 361 04:00   18.02  -48.86   -0.80
1994 361 04:12   18.08  -48.93   -0.80
1994 361 04:24   18.13  -49.00   -0.81
1994 361 04:36   18.19  -49.07   -0.81
1994 361 04:48   18.24  -49.15   -0.82
1994 361 05:00   18.29  -49.22   -0.82
1994 361 05:12   18.35  -49.29   -0.83
1994 361 05:24   18.40  -49.37   -0.83
1994 361 05:36   18.46  -49.44   -0.84
1994 361 05:48   18.51  -49.51   -0.84
1994 361 06:00   18.56  -49.58   -0.85
1994 361 06:12   18.62  -49.66   -0.85
1994 361 06:24   18.67  -49.73   -0.86
1994 361 06:36   18.72  -49.80   -0.87
1994 361 06:48   18.78  -49.88   -0.87
1994 361 07:00   18.83  -49.95   -0.88
1994 361 07:12   18.88  -50.02   -0.88
1994 361 07:24   18.93  -50.10   -0.89
1994 361 07:36   18.99  -50.17   -0.89
1994 361 07:48   19.04  -50.24   -0.90
1994 361 08:00   19.09  -50.32   -0.91
1994 361 08:12   19.14  -50.39   -0.91
1994 361 08:24   19.20  -50.47   -0.92
1994 361 08:36   19.25  -50.54   -0.93
1994 361 08:48   19.30  -50.62   -0.93
1994 361 09:00   19.35  -50.70   -0.94
1994 361 09:12   19.41  -50.77   -0.95
1994 361 09:24   19.46  -50.85   -0.95
1994 361 09:36   19.51  -50.93   -0.96
1994 361 09:48   19.56  -51.01   -0.97
1994 361 10:00   19.62  -51.08   -0.97
1994 361 10:12   19.67  -51.16   -0.98
1994 361 10:24   19.72  -51.24   -0.99
1994 361 10:36   19.78  -51.32   -1.00
1994 361 10:48   19.83  -51.41   -1.01
1994 361 11:00   19.88  -51.49   -1.01
1994 361 11:12   19.94  -51.57   -1.02
1994 361 11:24   19.99  -51.66   -1.03
1994 361 11:36   20.05  -51.74   -1.04
1994 361 11:48   20.11  -51.83   -1.05
1994 361 12:00   20.16  -51.92   -1.06
1994 361 12:12   20.22  -52.00   -1.07
1994 361 12:24   20.28  -52.09   -1.08
1994 361 12:36   20.34  -52.19   -1.09
1994 361 12:48   20.41  -52.28   -1.10
1994 361 13:00   20.47  -52.37   -1.11
1994 361 13:12   20.54  -52.47   -1.12
1994 361 13:24   20.61  -52.56   -1.13
1994 361 13:36   20.68  -52.66   -1.15
1994 361 13:48   20.75  -52.76   -1.16
1994 361 14:00   20.83  -52.85   -1.17
1994 361 14:12   20.91  -52.95   -1.18
1994 361 14:24   20.99  -53.05   -1.20
1994 361 14:36   21.07  -53.15   -1.21
1994 361 14:48   21.16  -53.24   -1.22
1994 361 15:00   21.25  -53.34   -1.24
1994 361 15:12   21.35  -53.44   -1.25
1994 361 15:24   21.44  -53.53   -1.27
1994 361 15:36   21.54  -53.63   -1.28
1994 361 15:48   21.64  -53.72   -1.29
1994 361 16:00   21.74  -53.81   -1.31
1994 361 16:12   21.84  -53.90   -1.32
1994 361 16:24   21.94  -53.99   -1.33
1994 361 16:36   22.05  -54.08   -1.35
1994 361 16:48   22.15  -54.17   -1.36
1994 361 17:00   22.26  -54.25   -1.37
1994 361 17:12   22.37  -54.34   -1.39
1994 361 17:24   22.48  -54.42   -1.40
1994 361 17:36   22.59  -54.50   -1.41
1994 361 17:48   22.70  -54.58   -1.42
1994 361 18:00   22.81  -54.66   -1.44
1994 361 18:12   22.92  -54.74   -1.45
1994 361 18:24   23.03  -54.82   -1.46
1994 361 18:36   23.14  -54.90   -1.47
1994 361 18:48   23.25  -54.97   -1.48
1994 361 19:00   23.37  -55.05   -1.50
1994 361 19:12   23.48  -55.12   -1.51
1994 361 19:24   23.59  -55.20   -1.52
1994 361 19:36   23.71  -55.27   -1.53
1994 361 19:48   23.82  -55.34   -1.54
1994 361 20:00   23.93  -55.41   -1.55
1994 361 20:12   24.05  -55.49   -1.57
1994 361 20:24   24.16  -55.56   -1.58
1994 361 20:36   24.27  -55.63   -1.59
1994 361 20:48   24.39  -55.69   -1.60
1994 361 21:00   24.50  -55.76   -1.61
1994 361 21:12   24.61  -55.83   -1.62
1994 361 21:24   24.73  -55.90   -1.63
1994 361 21:36   24.84  -55.96   -1.64
1994 361 21:48   24.96  -56.03   -1.66
1994 361 22:00   25.07  -56.10   -1.67
1994 361 22:12   25.18  -56.16   -1.68
1994 361 22:24   25.30  -56.23   -1.69
1994 361 22:36   25.41  -56.29   -1.70
1994 361 22:48   25.53  -56.36   -1.71
1994 361 23:00   25.64  -56.42   -1.72
1994 361 23:12   25.75  -56.48   -1.73
1994 361 23:24   25.87  -56.54   -1.74
1994 361 23:36   25.98  -56.61   -1.75
1994 361 23:48   26.10  -56.67   -1.76
1994 362 00:00   26.21  -56.73   -1.77
1994 362 00:12   26.32  -56.79   -1.78
1994 362 00:24   26.44  -56.85   -1.79
1994 362 00:36   26.55  -56.91   -1.80
1994 362 00:48   26.66  -56.97   -1.81
1994 362 01:00   26.78  -57.03   -1.82
1994 362 01:12   26.89  -57.09   -1.83
1994 362 01:24   27.00  -57.15   -1.84
1994 362 01:36   27.12  -57.21   -1.85
1994 362 01:48   27.23  -57.27   -1.86
1994 362 02:00   27.34  -57.32   -1.87
1994 362 02:12   27.46  -57.38   -1.88
1994 362 02:24   27.57  -57.44   -1.89
1994 362 02:36   27.68  -57.50   -1.90
1994 362 02:48   27.79  -57.55   -1.91
1994 362 03:00   27.91  -57.61   -1.92
1994 362 03:12   28.02  -57.66   -1.93
1994 362 03:24   28.13  -57.72   -1.94
1994 362 03:36   28.24  -57.78   -1.95
1994 362 03:48   28.36  -57.83   -1.96
1994 362 04:00   28.47  -57.89   -1.97
1994 362 04:12   28.58  -57.94   -1.98
1994 362 04:24   28.69  -58.00   -1.99
1994 362 04:36   28.80  -58.05   -2.00
1994 362 04:48   28.92  -58.10   -2.01
1994 362 05:00   29.03  -58.16   -2.02
1994 362 05:12   29.14  -58.21   -2.03
1994 362 05:24   29.25  -58.26   -2.04
1994 362 05:36   29.36  -58.32   -2.05
1994 362 05:48   29.47  -58.37   -2.06
1994 362 06:00   29.59  -58.42   -2.07
1994 362 06:12   29.70  -58.47   -2.08
1994 362 06:24   29.81  -58.53   -2.08
1994 362 06:36   29.92  -58.58   -2.09
1994 362 06:48   30.03  -58.63   -2.10
1994 362 07:00   30.14  -58.68   -2.11
1994 362 07:12   30.25  -58.73   -2.12
1994 362 07:24   30.36  -58.78   -2.13
1994 362 07:36   30.47  -58.83   -2.14
1994 362 07:48   30.58  -58.88   -2.15
1994 362 08:00   30.69  -58.93   -2.16
1994 362 08:12   30.80  -58.98   -2.17
1994 362 08:24   30.91  -59.03   -2.18
1994 362 08:36   31.02  -59.08   -2.19
1994 362 08:48   31.13  -59.13   -2.20
1994 362 09:00   31.24  -59.18   -2.20
1994 362 09:12   31.35  -59.23   -2.21
1994 362 09:24   31.46  -59.28   -2.22
1994 362 09:36   31.57  -59.33   -2.23
1994 362 09:48   31.68  -59.38   -2.24
1994 362 10:00   31.79  -59.43   -2.25
1994 362 10:12   31.90  -59.47   -2.26
1994 362 10:24   32.01  -59.52   -2.27
1994 362 10:36   32.12  -59.57   -2.28
1994 362 10:48   32.23  -59.62   -2.29
1994 362 11:00   32.34  -59.66   -2.29
1994 362 11:12   32.45  -59.71   -2.30
1994 362 11:24   32.56  -59.76   -2.31
1994 362 11:36   32.66  -59.80   -2.32
1994 362 11:48   32.77  -59.85   -2.33
1994 362 12:00   32.88  -59.90   -2.34
1994 362 12:12   32.99  -59.94   -2.35
1994 362 12:24   33.10  -59.99   -2.36
1994 362 12:36   33.21  -60.04   -2.37
1994 362 12:48   33.31  -60.08   -2.37
1994 362 13:00   33.42  -60.13   -2.38
1994 362 13:12   33.53  -60.17   -2.39
1994 362 13:24   33.64  -60.22   -2.40
1994 362 13:36   33.75  -60.26   -2.41
1994 362 13:48   33.85  -60.31   -2.42
1994 362 14:00   33.96  -60.35   -2.43
1994 362 14:12   34.07  -60.40   -2.44
1994 362 14:24   34.18  -60.44   -2.44
1994 362 14:36   34.28  -60.49   -2.45
1994 362 14:48   34.39  -60.53   -2.46
1994 362 15:00   34.50  -60.57   -2.47
1994 362 15:12   34.60  -60.62   -2.48
1994 362 15:24   34.71  -60.66   -2.49
1994 362 15:36   34.82  -60.70   -2.50
1994 362 15:48   34.93  -60.75   -2.51
1994 362 16:00   35.03  -60.79   -2.51
1994 362 16:12   35.14  -60.83   -2.52
1994 362 16:24   35.24  -60.88   -2.53
1994 362 16:36   35.35  -60.92   -2.54
1994 362 16:48   35.46  -60.96   -2.55
1994 362 17:00   35.56  -61.01   -2.56
1994 362 17:12   35.67  -61.05   -2.57
1994 362 17:24   35.78  -61.09   -2.57
1994 362 17:36   35.88  -61.13   -2.58
1994 362 17:48   35.99  -61.17   -2.59
1994 362 18:00   36.09  -61.22   -2.60
1994 362 18:12   36.20  -61.26   -2.61
1994 362 18:24   36.30  -61.30   -2.62
1994 362 18:36   36.41  -61.34   -2.62
1994 362 18:48   36.51  -61.38   -2.63
1994 362 19:00   36.62  -61.42   -2.64
1994 362 19:12   36.73  -61.46   -2.65
1994 362 19:24   36.83  -61.50   -2.66
1994 362 19:36   36.94  -61.54   -2.67
1994 362 19:48   37.04  -61.58   -2.68
1994 362 20:00   37.14  -61.63   -2.68
1994 362 20:12   37.25  -61.67   -2.69
1994 362 20:24   37.35  -61.71   -2.70
1994 362 20:36   37.46  -61.75   -2.71
1994 362 20:48   37.56  -61.79   -2.72
1994 362 21:00   37.67  -61.83   -2.73
1994 362 21:12   37.77  -61.86   -2.73
1994 362 21:24   37.88  -61.90   -2.74
1994 362 21:36   37.98  -61.94   -2.75
1994 362 21:48   38.08  -61.98   -2.76
1994 362 22:00   38.19  -62.02   -2.77
1994 362 22:12   38.29  -62.06   -2.78
1994 362 22:24   38.40  -62.10   -2.78
1994 362 22:36   38.50  -62.14   -2.79
1994 362 22:48   38.60  -62.18   -2.80
1994 362 23:00   38.71  -62.22   -2.81
1994 362 23:12   38.81  -62.25   -2.82
1994 362 23:24   38.91  -62.29   -2.82
1994 362 23:36   39.02  -62.33   -2.83
1994 362 23:48   39.12  -62.37   -2.84
1994 363 00:00   39.22  -62.41   -2.85
1994 363 00:12   39.32  -62.44   -2.86
1994 363 00:24   39.43  -62.48   -2.87
1994 363 00:36   39.53  -62.52   -2.87
1994 363 00:48   39.63  -62.56   -2.88
1994 363 01:00   39.73  -62.59   -2.89
1994 363 01:12   39.84  -62.63   -2.90
1994 363 01:24   39.94  -62.67   -2.91
1994 363 01:36   40.04  -62.70   -2.91
1994 363 01:48   40.14  -62.74   -2.92
1994 363 02:00   40.25  -62.78   -2.93
1994 363 02:12   40.35  -62.81   -2.94
1994 363 02:24   40.45  -62.85   -2.95
1994 363 02:36   40.55  -62.89   -2.95
1994 363 02:48   40.65  -62.92   -2.96
1994 363 03:00   40.75  -62.96   -2.97
1994 363 03:12   40.86  -63.00   -2.98
1994 363 03:24   40.96  -63.03   -2.99
1994 363 03:36   41.06  -63.07   -2.99
1994 363 03:48   41.16  -63.10   -3.00
1994 363 04:00   41.26  -63.14   -3.01
1994 363 04:12   41.36  -63.17   -3.02
1994 363 04:24   41.46  -63.21   -3.03
1994 363 04:36   41.56  -63.24   -3.03
1994 363 04:48   41.67  -63.28   -3.04
1994 363 05:00   41.77  -63.32   -3.05
1994 363 05:12   41.87  -63.35   -3.06
1994 363 05:24   41.97  -63.38   -3.07
1994 363 05:36   42.07  -63.42   -3.07
1994 363 05:48   42.17  -63.45   -3.08
1994 363 06:00   42.27  -63.49   -3.09
1994 363 06:12   42.37  -63.52   -3.10
1994 363 06:24   42.47  -63.56   -3.11
1994 363 06:36   42.57  -63.59   -3.11
1994 363 06:48   42.67  -63.63   -3.12
1994 363 07:00   42.77  -63.66   -3.13
1994 363 07:12   42.87  -63.69   -3.14
1994 363 07:24   42.97  -63.73   -3.15
1994 363 07:36   43.07  -63.76   -3.15
1994 363 07:48   43.17  -63.80   -3.16
1994 363 08:00   43.27  -63.83   -3.17
1994 363 08:12   43.37  -63.86   -3.18
1994 363 08:24   43.47  -63.90   -3.18
1994 363 08:36   43.56  -63.93   -3.19
1994 363 08:48   43.66  -63.96   -3.20
1994 363 09:00   43.76  -63.99   -3.21
1994 363 09:12   43.86  -64.03   -3.22
1994 363 09:24   43.96  -64.06   -3.22
1994 363 09:36   44.06  -64.09   -3.23
1994 363 09:48   44.16  -64.13   -3.24
1994 363 10:00   44.26  -64.16   -3.25
1994 363 10:12   44.36  -64.19   -3.25
1994 363 10:24   44.45  -64.22   -3.26
1994 363 10:36   44.55  -64.26   -3.27
1994 363 10:48   44.65  -64.29   -3.28
1994 363 11:00   44.75  -64.32   -3.28
1994 363 11:12   44.85  -64.35   -3.29
1994 363 11:24   44.94  -64.38   -3.30
1994 363 11:36   45.04  -64.42   -3.31
1994 363 11:48   45.14  -64.45   -3.32
1994 363 12:00   45.24  -64.48   -3.32
1994 363 12:12   45.34  -64.51   -3.33
1994 363 12:24   45.43  -64.54   -3.34
1994 363 12:36   45.53  -64.57   -3.35
1994 363 12:48   45.63  -64.60   -3.35
1994 363 13:00   45.73  -64.64   -3.36
1994 363 13:12   45.82  -64.67   -3.37
1994 363 13:24   45.92  -64.70   -3.38
1994 363 13:36   46.02  -64.73   -3.38
1994 363 13:48   46.11  -64.76   -3.39
1994 363 14:00   46.21  -64.79   -3.40
1994 363 14:12   46.31  -64.82   -3.41
1994 363 14:24   46.40  -64.85   -3.41
1994 363 14:36   46.50  -64.88   -3.42
1994 363 14:48   46.60  -64.91   -3.43
1994 363 15:00   46.69  -64.94   -3.44
1994 363 15:12   46.79  -64.97   -3.45
1994 363 15:24   46.89  -65.00   -3.45
1994 363 15:36   46.98  -65.03   -3.46
1994 363 15:48   47.08  -65.06   -3.47
1994 363 16:00   47.18  -65.09   -3.48
1994 363 16:12   47.27  -65.12   -3.48
1994 363 16:24   47.37  -65.15   -3.49
1994 363 16:36   47.46  -65.18   -3.50
1994 363 16:48   47.56  -65.21   -3.51
1994 363 17:00   47.66  -65.24   -3.51
1994 363 17:12   47.75  -65.27   -3.52
1994 363 17:24   47.85  -65.30   -3.53
1994 363 17:36   47.94  -65.33   -3.54
1994 363 17:48   48.04  -65.36   -3.54
1994 363 18:00   48.13  -65.39   -3.55
1994 363 18:12   48.23  -65.42   -3.56
1994 363 18:24   48.32  -65.45   -3.56
1994 363 18:36   48.42  -65.47   -3.57
1994 363 18:48   48.51  -65.50   -3.58
1994 363 19:00   48.61  -65.53   -3.59
1994 363 19:12   48.70  -65.56   -3.59
1994 363 19:24   48.80  -65.59   -3.60
1994 363 19:36   48.89  -65.62   -3.61
1994 363 19:48   48.99  -65.65   -3.62
1994 363 20:00   49.08  -65.67   -3.62
1994 363 20:12   49.18  -65.70   -3.63
1994 363 20:24   49.27  -65.73   -3.64
1994 363 20:36   49.36  -65.76   -3.65
1994 363 20:48   49.46  -65.79   -3.65
1994 363 21:00   49.55  -65.81   -3.66
1994 363 21:12   49.65  -65.84   -3.67
1994 363 21:24   49.74  -65.87   -3.68
1994 363 21:36   49.83  -65.90   -3.68
1994 363 21:48   49.93  -65.93   -3.69
1994 363 22:00   50.02  -65.95   -3.70
1994 363 22:12   50.12  -65.98   -3.71
1994 363 22:24   50.21  -66.01   -3.71
1994 363 22:36   50.30  -66.04   -3.72
1994 363 22:48   50.40  -66.06   -3.73
1994 363 23:00   50.49  -66.09   -3.73
1994 363 23:12   50.58  -66.12   -3.74
1994 363 23:24   50.68  -66.14   -3.75
1994 363 23:36   50.77  -66.17   -3.76
1994 363 23:48   50.86  -66.20   -3.76
1994 364 00:00   50.95  -66.22   -3.77
1994 364 00:12   51.05  -66.25   -3.78
1994 364 00:24   51.14  -66.28   -3.79
1994 364 00:36   51.23  -66.30   -3.79
1994 364 00:48   51.33  -66.33   -3.80
1994 364 01:00   51.42  -66.36   -3.81
1994 364 01:12   51.51  -66.38   -3.81
1994 364 01:24   51.60  -66.41   -3.82
1994 364 01:36   51.70  -66.44   -3.83
1994 364 01:48   51.79  -66.46   -3.84
1994 364 02:00   51.88  -66.49   -3.84
1994 364 02:12   51.97  -66.51   -3.85
1994 364 02:24   52.06  -66.54   -3.86
1994 364 02:36   52.16  -66.57   -3.86
1994 364 02:48   52.25  -66.59   -3.87
1994 364 03:00   52.34  -66.62   -3.88
1994 364 03:12   52.43  -66.64   -3.89
1994 364 03:24   52.52  -66.67   -3.89
1994 364 03:36   52.61  -66.69   -3.90
1994 364 03:48   52.71  -66.72   -3.91
1994 364 04:00   52.80  -66.75   -3.91
1994 364 04:12   52.89  -66.77   -3.92
1994 364 04:24   52.98  -66.80   -3.93
1994 364 04:36   53.07  -66.82   -3.94
1994 364 04:48   53.16  -66.85   -3.94
1994 364 05:00   53.25  -66.87   -3.95
1994 364 05:12   53.34  -66.90   -3.96
1994 364 05:24   53.43  -66.92   -3.96
1994 364 05:36   53.53  -66.95   -3.97
1994 364 05:48   53.62  -66.97   -3.98
1994 364 06:00   53.71  -67.00   -3.99
1994 364 06:12   53.80  -67.02   -3.99
1994 364 06:24   53.89  -67.05   -4.00
1994 364 06:36   53.98  -67.07   -4.01
1994 364 06:48   54.07  -67.09   -4.01
1994 364 07:00   54.16  -67.12   -4.02
1994 364 07:12   54.25  -67.14   -4.03
1994 364 07:24   54.34  -67.17   -4.03
1994 364 07:36   54.43  -67.19   -4.04
1994 364 07:48   54.52  -67.22   -4.05
1994 364 08:00   54.61  -67.24   -4.06
1994 364 08:12   54.70  -67.26   -4.06
1994 364 08:24   54.79  -67.29   -4.07
1994 364 08:36   54.88  -67.31   -4.08
1994 364 08:48   54.97  -67.34   -4.08
1994 364 09:00   55.06  -67.36   -4.09
1994 364 09:12   55.15  -67.38   -4.10
1994 364 09:24   55.24  -67.41   -4.10
1994 364 09:36   55.33  -67.43   -4.11
1994 364 09:48   55.42  -67.45   -4.12
1994 364 10:00   55.50  -67.48   -4.13
1994 364 10:12   55.59  -67.50   -4.13
1994 364 10:24   55.68  -67.52   -4.14
1994 364 10:36   55.77  -67.55   -4.15
1994 364 10:48   55.86  -67.57   -4.15
1994 364 11:00   55.95  -67.59   -4.16
1994 364 11:12   56.04  -67.62   -4.17
1994 364 11:24   56.13  -67.64   -4.17
1994 364 11:36   56.22  -67.66   -4.18
1994 364 11:48   56.30  -67.69   -4.19
1994 364 12:00   56.39  -67.71   -4.19
1994 364 12:12   56.48  -67.73   -4.20
1994 364 12:24   56.57  -67.75   -4.21
1994 364 12:36   56.66  -67.78   -4.22
1994 364 12:48   56.75  -67.80   -4.22
1994 364 13:00   56.83  -67.82   -4.23
1994 364 13:12   56.92  -67.84   -4.24
1994 364 13:24   57.01  -67.87   -4.24
1994 364 13:36   57.10  -67.89   -4.25
1994 364 13:48   57.19  -67.91   -4.26
1994 364 14:00   57.27  -67.93   -4.26
1994 364 14:12   57.36  -67.96   -4.27
1994 364 14:24   57.45  -67.98   -4.28
1994 364 14:36   57.54  -68.00   -4.28
1994 364 14:48   57.62  -68.02   -4.29
1994 364 15:00   57.71  -68.04   -4.30
1994 364 15:12   57.80  -68.07   -4.30
1994 364 15:24   57.89  -68.09   -4.31
1994 364 15:36   57.97  -68.11   -4.32
1994 364 15:48   58.06  -68.13   -4.32
1994 364 16:00   58.15  -68.15   -4.33
1994 364 16:12   58.23  -68.18   -4.34
1994 364 16:24   58.32  -68.20   -4.35
1994 364 16:36   58.41  -68.22   -4.35
1994 364 16:48   58.49  -68.24   -4.36
1994 364 17:00   58.58  -68.26   -4.37
1994 364 17:12   58.67  -68.28   -4.37
1994 364 17:24   58.75  -68.30   -4.38
1994 364 17:36   58.84  -68.33   -4.39
1994 364 17:48   58.93  -68.35   -4.39
1994 364 18:00   59.01  -68.37   -4.40
1994 364 18:12   59.10  -68.39   -4.41
1994 364 18:24   59.19  -68.41   -4.41
1994 364 18:36   59.27  -68.43   -4.42
1994 364 18:48   59.36  -68.45   -4.43
1994 364 19:00   59.44  -68.47   -4.43
1994 364 19:12   59.53  -68.49   -4.44
1994 364 19:24   59.62  -68.52   -4.45
1994 364 19:36   59.70  -68.54   -4.45
1994 364 19:48   59.79  -68.56   -4.46
1994 364 20:00   59.87  -68.58   -4.47
1994 364 20:12   59.96  -68.60   -4.47
1994 364 20:24   60.04  -68.62   -4.48
1994 364 20:36   60.13  -68.64   -4.49
1994 364 20:48   60.21  -68.66   -4.49
1994 364 21:00   60.30  -68.68   -4.50
1994 364 21:12   60.38  -68.70   -4.51
1994 364 21:24   60.47  -68.72   -4.51
1994 364 21:36   60.55  -68.74   -4.52
1994 364 21:48   60.64  -68.76   -4.53
1994 364 22:00   60.72  -68.78   -4.53
1994 364 22:12   60.81  -68.80   -4.54
1994 364 22:24   60.89  -68.82   -4.55
1994 364 22:36   60.98  -68.84   -4.55
1994 364 22:48   61.06  -68.86   -4.56
1994 364 23:00   61.15  -68.88   -4.57
1994 364 23:12   61.23  -68.90   -4.57
1994 364 23:24   61.32  -68.92   -4.58
1994 364 23:36   61.40  -68.94   -4.59
1994 364 23:48   61.49  -68.96   -4.59
1994 365 00:00   61.57  -68.98   -4.60
1994 365 00:12   61.65  -69.00   -4.61
1994 365 00:24   61.74  -69.02   -4.61
1994 365 00:36   61.82  -69.04   -4.62
1994 365 00:48   61.91  -69.06   -4.62
1994 365 01:00   61.99  -69.08   -4.63
1994 365 01:12   62.07  -69.10   -4.64
1994 365 01:24   62.16  -69.12   -4.64
1994 365 01:36   62.24  -69.14   -4.65
1994 365 01:48   62.33  -69.15   -4.66
1994 365 02:00   62.41  -69.17   -4.66
1994 365 02:12   62.49  -69.19   -4.67
1994 365 02:24   62.58  -69.21   -4.68
1994 365 02:36   62.66  -69.23   -4.68
1994 365 02:48   62.74  -69.25   -4.69
1994 365 03:00   62.83  -69.27   -4.70
1994 365 03:12   62.91  -69.29   -4.70
1994 365 03:24   62.99  -69.31   -4.71
1994 365 03:36   63.08  -69.33   -4.72
1994 365 03:48   63.16  -69.34   -4.72
1994 365 04:00   63.24  -69.36   -4.73
1994 365 04:12   63.33  -69.38   -4.74
1994 365 04:24   63.41  -69.40   -4.74
1994 365 04:36   63.49  -69.42   -4.75
1994 365 04:48   63.57  -69.44   -4.75
1994 365 05:00   63.66  -69.46   -4.76
1994 365 05:12   63.74  -69.47   -4.77
1994 365 05:24   63.82  -69.49   -4.77
1994 365 05:36   63.90  -69.51   -4.78
1994 365 05:48   63.99  -69.53   -4.79
1994 365 06:00   64.07  -69.55   -4.79
1994 365 06:12   64.15  -69.57   -4.80
1994 365 06:24   64.23  -69.58   -4.81
1994 365 06:36   64.31  -69.60   -4.81
1994 365 06:48   64.40  -69.62   -4.82
1994 365 07:00   64.48  -69.64   -4.83
1994 365 07:12   64.56  -69.66   -4.83
1994 365 07:24   64.64  -69.67   -4.84
1994 365 07:36   64.72  -69.69   -4.84
1994 365 07:48   64.81  -69.71   -4.85
1994 365 08:00   64.89  -69.73   -4.86
1994 365 08:12   64.97  -69.74   -4.86
1994 365 08:24   65.05  -69.76   -4.87
1994 365 08:36   65.13  -69.78   -4.88
1994 365 08:48   65.21  -69.80   -4.88
1994 365 09:00   65.29  -69.82   -4.89
1994 365 09:12   65.38  -69.83   -4.90
1994 365 09:24   65.46  -69.85   -4.90
1994 365 09:36   65.54  -69.87   -4.91
1994 365 09:48   65.62  -69.89   -4.91
1994 365 10:00   65.70  -69.90   -4.92
1994 365 10:12   65.78  -69.92   -4.93
1994 365 10:24   65.86  -69.94   -4.93
1994 365 10:36   65.94  -69.95   -4.94
1994 365 10:48   66.02  -69.97   -4.95
1994 365 11:00   66.10  -69.99   -4.95
1994 365 11:12   66.19  -70.01   -4.96
1994 365 11:24   66.27  -70.02   -4.96
1994 365 11:36   66.35  -70.04   -4.97
1994 365 11:48   66.43  -70.06   -4.98
1994 365 12:00   66.51  -70.07   -4.98
1994 365 12:12   66.59  -70.09   -4.99
1994 365 12:24   66.67  -70.11   -5.00
1994 365 12:36   66.75  -70.12   -5.00
1994 365 12:48   66.83  -70.14   -5.01
1994 365 13:00   66.91  -70.16   -5.02
1994 365 13:12   66.99  -70.17   -5.02
1994 365 13:24   67.07  -70.19   -5.03
1994 365 13:36   67.15  -70.21   -5.03
1994 365 13:48   67.23  -70.22   -5.04
1994 365 14:00   67.31  -70.24   -5.05
1994 365 14:12   67.39  -70.26   -5.05
1994 365 14:24   67.47  -70.27   -5.06
1994 365 14:36   67.55  -70.29   -5.06
1994 365 14:48   67.63  -70.31   -5.07
1994 365 15:00   67.71  -70.32   -5.08
1994 365 15:12   67.78  -70.34   -5.08
1994 365 15:24   67.86  -70.36   -5.09
1994 365 15:36   67.94  -70.37   -5.10
1994 365 15:48   68.02  -70.39   -5.10
1994 365 16:00   68.10  -70.40   -5.11
1994 365 16:12   68.18  -70.42   -5.11
1994 365 16:24   68.26  -70.44   -5.12
1994 365 16:36   68.34  -70.45   -5.13
1994 365 16:48   68.42  -70.47   -5.13
1994 365 17:00   68.50  -70.48   -5.14
1994 365 17:12   68.58  -70.50   -5.15
1994 365 17:24   68.65  -70.52   -5.15
1994 365 17:36   68.73  -70.53   -5.16
1994 365 17:48   68.81  -70.55   -5.16
1994 365 18:00   68.89  -70.56   -5.17
1994 365 18:12   68.97  -70.58   -5.18
1994 365 18:24   69.05  -70.59   -5.18
1994 365 18:36   69.13  -70.61   -5.19
1994 365 18:48   69.20  -70.63   -5.19
1994 365 19:00   69.28  -70.64   -5.20
1994 365 19:12   69.36  -70.66   -5.21
1994 365 19:24   69.44  -70.67   -5.21
1994 365 19:36   69.52  -70.69   -5.22
1994 365 19:48   69.59  -70.70   -5.22
1994 365 20:00   69.67  -70.72   -5.23
1994 365 20:12   69.75  -70.73   -5.24
1994 365 20:24   69.83  -70.75   -5.24
1994 365 20:36   69.91  -70.76   -5.25
1994 365 20:48   69.98  -70.78   -5.26
1994 365 21:00   70.06  -70.80   -5.26
1994 365 21:12   70.14  -70.81   -5.27
1994 365 21:24   70.22  -70.83   -5.27
1994 365 21:36   70.29  -70.84   -5.28
1994 365 21:48   70.37  -70.86   -5.29
1994 365 22:00   70.45  -70.87   -5.29
1994 365 22:12   70.53  -70.89   -5.30
1994 365 22:24   70.60  -70.90   -5.30
1994 365 22:36   70.68  -70.92   -5.31
1994 365 22:48   70.76  -70.93   -5.32
1994 365 23:00   70.83  -70.95   -5.32
1994 365 23:12   70.91  -70.96   -5.33
1994 365 23:24   70.99  -70.97   -5.33
1994 365 23:36   71.06  -70.99   -5.34
1994 365 23:48   71.14  -71.00   -5.35
1995   1 00:00   71.22  -71.02   -5.35
